0.0 0.0 0.0
0.0005 -0.00198030256895 -0.00456095894458
0.001 -0.00713214392039 -0.0178979264721
0.0015 -0.0125535759152 -0.0379195704772
0.002 -0.0178649925304 -0.0625194384365
0.0025 -0.0238339628074 -0.0908260099375
0.003 -0.0297092130166 -0.122602425186
0.0035 -0.0361373788602 -0.15725658298
0.004 -0.0428933124564 -0.194734697328
0.0045000000000000005 -0.049935964205 -0.234728923658
0.005000000000000001 -0.0576359427644 -0.277025713164
0.005500000000000001 -0.0657403437784 -0.321669105001
0.006000000000000002 -0.0743680492964 -0.368179915032
0.006500000000000002 -0.0836083215368 -0.416791006633
0.007000000000000003 -0.0930680367793 -0.466971813261
0.007500000000000003 -0.103063178486 -0.518908614219
0.008000000000000004 -0.113837469009 -0.572858205305
0.008500000000000004 -0.125966842375 -0.629677760741
0.009000000000000005 -0.140690893082 -0.690493187825
0.009500000000000005 -0.15765924709 -0.754760635745
0.010000000000000005 -0.174888903266 -0.819572275043
0.010500000000000006 -0.188517373304 -0.880730846798
0.011000000000000006 -0.196152448771 -0.936341875521
0.011500000000000007 -0.19991194711 -0.988425438662
0.012000000000000007 -0.203466571842 -1.04052957582
0.012500000000000008 -0.207110688304 -1.09338433809
0.013000000000000008 -0.209523975664 -1.14628090447
0.013500000000000009 -0.211866164703 -1.20005261836
0.014000000000000009 -0.21690357869 -1.25684076175
0.01450000000000001 -0.224711524975 -1.31697816303
0.01500000000000001 -0.233267545761 -1.37943694539
0.01550000000000001 -0.243984227986 -1.44519892832
0.01600000000000001 -0.258272127952 -1.51519820478
0.01650000000000001 -0.274707846816 -1.58883116419
0.01700000000000001 -0.293043160616 -1.66649563004
0.017500000000000012 -0.314991956825 -1.74933665898
0.018000000000000013 -0.339540675317 -1.83616514701
0.018500000000000013 -0.364670322828 -1.92461099701
0.019000000000000013 -0.389847775835 -2.01302693752
0.019500000000000014 -0.413611816162 -2.10064968479
0.020000000000000014 -0.437076006065 -2.18891828331
0.020500000000000015 -0.465431393481 -2.28152768408
0.021000000000000015 -0.502030336232 -2.38044289558
0.021500000000000016 -0.545301569912 -2.48428076354
0.022000000000000016 -0.593570298286 -2.59115233736
0.022500000000000017 -0.646028015404 -2.70005616626
0.023000000000000017 -0.702739506425 -2.81086828125
0.023500000000000017 -0.764297755019 -2.92286801244
0.024000000000000018 -0.827498970461 -3.03404844602
0.02450000000000002 -0.889609226398 -3.14332423232
0.02500000000000002 -0.952361654263 -3.25146114384
0.02550000000000002 -1.0159858745 -3.35882464305
0.02600000000000002 -1.07816937132 -3.46451005161
0.02650000000000002 -1.13926865636 -3.56713626822
0.02700000000000002 -1.19984293695 -3.66589950046
0.02750000000000002 -1.25906535563 -3.76046075349
0.02800000000000002 -1.31566038278 -3.85083986723
0.028500000000000022 -1.36992693792 -3.9383321283
0.029000000000000022 -1.42683688561 -4.02470018478
0.029500000000000023 -1.4882217189 -4.11074514514
0.030000000000000023 -1.55038953445 -4.19597107795
0.030500000000000024 -1.61037026687 -4.27973283032
0.031000000000000024 -1.66499513811 -4.36186779233
0.03150000000000002 -1.71276135427 -4.4424910563
0.03200000000000002 -1.75717435345 -4.52120877718
0.03250000000000002 -1.80084387095 -4.59800965164
0.03300000000000002 -1.84279324507 -4.67303864529
0.03350000000000002 -1.88302988071 -4.74654262107
0.03400000000000002 -1.9249795888 -4.81899052543
0.034500000000000024 -1.97171582786 -4.88960583876
0.035000000000000024 -2.02109322676 -4.95751057202
0.035500000000000025 -2.07053307915 -5.02199627415
0.036000000000000025 -2.12030354316 -5.08321625589
0.036500000000000025 -2.16926225141 -5.14239180811
0.037000000000000026 -2.21652534921 -5.20103130793
0.037500000000000026 -2.2635347564 -5.25986424736
0.03800000000000003 -2.31224093474 -5.31874915084
0.03850000000000003 -2.36490719242 -5.37759434051
0.03900000000000003 -2.42038421905 -5.43620502176
0.03950000000000003 -2.47449883009 -5.49415974789
0.04000000000000003 -2.52846201141 -5.55050330952
0.04050000000000003 -2.58743071722 -5.60473921204
0.04100000000000003 -2.65259951854 -5.65681422224
0.04150000000000003 -2.72254982966 -5.70671595755
0.04200000000000003 -2.79500598937 -5.75453421506
0.04250000000000003 -2.86583112971 -5.80062924467
0.04300000000000003 -2.93275228609 -5.84428870643
0.04350000000000003 -2.99542248852 -5.88388776031
0.04400000000000003 -3.05274194944 -5.91939859387
0.04450000000000003 -3.10366253983 -5.95175936211
0.04500000000000003 -3.14897382235 -5.98186813831
0.045500000000000033 -3.1920927992 -6.0094061108
0.046000000000000034 -3.23523395799 -6.03414429657
0.046500000000000034 -3.27781016882 -6.05652180669
0.047000000000000035 -3.31977201357 -6.0762679959
0.047500000000000035 -3.36108993417 -6.09327512724
0.048000000000000036 -3.39797185939 -6.10823169225
0.048500000000000036 -3.42474250418 -6.12269535371
0.04900000000000004 -3.44206182112 -6.13677306606
0.04950000000000004 -3.4549426336 -6.14941155597
0.05000000000000004 -3.46488556762 -6.16109832837
0.05050000000000004 -3.47068831154 -6.17231096467
0.05100000000000004 -3.47083392757 -6.18180467139
0.05150000000000004 -3.46453620221 -6.18817830867
0.05200000000000004 -3.45314484516 -6.19060440245
0.05250000000000004 -3.43892501934 -6.18865613634
0.05300000000000004 -3.42108191026 -6.18285694686
0.05350000000000004 -3.39830119868 -6.17422670519
0.05400000000000004 -3.37101173905 -6.16372603261
0.05450000000000004 -3.33884690317 -6.15199535896
0.05500000000000004 -3.30245775903 -6.13885352277
0.05550000000000004 -3.26277606071 -6.12410338059
0.05600000000000004 -3.2205912353 -6.10785360844
0.05650000000000004 -3.17726435921 -6.08899514213
0.057000000000000044 -3.13408969649 -6.06711815918
0.057500000000000044 -3.09220319871 -6.04332434684
0.058000000000000045 -3.05262767882 -6.01857055124
0.058500000000000045 -3.01850294672 -5.99297041731
0.059000000000000045 -2.99113216207 -5.96529101857
0.059500000000000046 -2.96451125286 -5.9355017476
0.060000000000000046 -2.93179243696 -5.90406273748
0.06050000000000005 -2.89353848452 -5.87033221867
0.06100000000000005 -2.8527629608 -5.83402661806
0.06150000000000005 -2.81086308846 -5.7953863012
0.06200000000000005 -2.76934485196 -5.75459142803
0.06250000000000004 -2.7287841129 -5.71144903039
0.06300000000000004 -2.69051064691 -5.66631322319
0.06350000000000004 -2.65446304317 -5.6196152217
0.06400000000000004 -2.61933664686 -5.57114329347
0.06450000000000004 -2.58539774872 -5.51977921937
0.06500000000000004 -2.55044447655 -5.46546996801
0.06550000000000004 -2.51261578852 -5.40987418966
0.06600000000000004 -2.47259415187 -5.35385072801
0.06650000000000005 -2.42904779666 -5.29798544146
0.06700000000000005 -2.38127158379 -5.24192969293
0.06750000000000005 -2.33211068422 -5.18429439869
0.06800000000000005 -2.28213755931 -5.12387157106
0.06850000000000005 -2.22762234109 -5.05984421634
0.06900000000000005 -2.16714026787 -4.99232545139
0.06950000000000005 -2.10271573279 -4.92119002953
0.07000000000000005 -2.03824016816 -4.84592844353
0.07050000000000005 -1.97596871044 -4.76684643668
0.07100000000000005 -1.91259105656 -4.6849508187
0.07150000000000005 -1.84455299439 -4.60101050619
0.07200000000000005 -1.77159909219 -4.51477135558
0.07250000000000005 -1.69515609641 -4.42562074669
0.07300000000000005 -1.61503654172 -4.33319561455
0.07350000000000005 -1.53216248215 -4.23789130478
0.07400000000000005 -1.45079917282 -4.14102386867
0.07450000000000005 -1.37259901114 -4.04403275639
0.07500000000000005 -1.29752880029 -3.94748727176
0.07550000000000005 -1.22749321316 -3.85080692673
0.07600000000000005 -1.16385271032 -3.7534676293
0.07650000000000005 -1.10456352924 -3.65513156155
0.07700000000000005 -1.04777025405 -3.55575407266
0.07750000000000005 -0.991780889467 -3.45483822694
0.07800000000000006 -0.934737470368 -3.35193356789
0.07850000000000006 -0.879081235043 -3.24813221208
0.07900000000000006 -0.828254863417 -3.14583660901
0.07950000000000006 -0.782886649958 -3.04656216004
0.08000000000000006 -0.739698392977 -2.94906416026
0.08050000000000006 -0.696118953335 -2.85269582026
0.08100000000000006 -0.65505978623 -2.75798726503
0.08150000000000006 -0.619701298325 -2.66622071666
0.08200000000000006 -0.589637406807 -2.57840326329
0.08250000000000006 -0.563851753878 -2.49496462545
0.08300000000000006 -0.542662850884 -2.41677490174
0.08350000000000006 -0.52539075916 -2.34226882691
0.08400000000000006 -0.510142171654 -2.26935193891
0.08450000000000006 -0.494907074243 -2.19622575001
0.08500000000000006 -0.478394623845 -2.12163001937
0.08550000000000006 -0.459777023245 -2.04508817767
0.08600000000000006 -0.438514537094 -1.96593564
0.08650000000000006 -0.414287434474 -1.8841419346
0.08700000000000006 -0.388726484719 -1.80041213695
0.08750000000000006 -0.366439795323 -1.71772378089
0.08800000000000006 -0.347341743863 -1.63728248842
0.08850000000000006 -0.328326459397 -1.55785266524
0.08900000000000007 -0.308887188696 -1.4782966865
0.08950000000000007 -0.288016085631 -1.39723680599
0.09000000000000007 -0.266353366268 -1.31586384461
0.09050000000000007 -0.246774385652 -1.23700188932
0.09100000000000007 -0.228773750823 -1.16116859434
0.09150000000000007 -0.209345862561 -1.08595913531
0.09200000000000007 -0.18850138133 -1.01033637016
0.09250000000000007 -0.16765388616 -0.934409493158
0.09300000000000007 -0.146908990127 -0.85704550812
0.09350000000000007 -0.125165576127 -0.777541967676
0.09400000000000007 -0.102717485214 -0.696978079999
0.09450000000000007 -0.0826029018752 -0.618144750332
0.09500000000000007 -0.0659340440533 -0.542445356799
0.09550000000000007 -0.0529758712762 -0.471354621782
0.09600000000000007 -0.0446480412613 -0.407807476492
0.09650000000000007 -0.0401993200834 -0.353475160377
0.09700000000000007 -0.038287885534 -0.307450065931
0.09750000000000007 -0.0368764681838 -0.266720331785
0.09800000000000007 -0.0341437491764 -0.229359736826
0.09850000000000007 -0.0310202766243 -0.196317659364
0.09900000000000007 -0.0289866961329 -0.170027271233
0.09950000000000007 -0.027913744853 -0.151053121432
0.10000000000000007 -0.0271540305169 -0.137552472249
0.10050000000000008 -0.0259361374833 -0.126858112361
0.10100000000000008 -0.024676130406 -0.117778317058
0.10150000000000008 -0.0246492903413 -0.111457401054
0.10200000000000008 -0.025194769785 -0.108592805292
0.10250000000000008 -0.0263951117391 -0.109646325794
0.10300000000000008 -0.0296885676296 -0.115244988298
0.10350000000000008 -0.0352677659831 -0.126164312582
0.10400000000000008 -0.0443144510672 -0.144039100652
0.10450000000000008 -0.056290980947 -0.168215789635
0.10500000000000008 -0.0676885512328 -0.19569625365
0.10550000000000008 -0.0782670796955 -0.2253530549
0.10600000000000008 -0.0884442057435 -0.25559467784
0.10650000000000008 -0.0950911668282 -0.282775670721
0.10700000000000008 -0.0975586884082 -0.306429246076
0.10750000000000008 -0.0986794477453 -0.329989490611
0.10800000000000008 -0.0996958215739 -0.355359266227
0.10850000000000008 -0.100228237666 -0.381055523613
0.10900000000000008 -0.0998749324879 -0.405302593365
0.10950000000000008 -0.0980673054663 -0.427457179945
0.11000000000000008 -0.0951397782601 -0.448944946163
0.11050000000000008 -0.092925687162 -0.472518788399
0.11100000000000008 -0.0923420066076 -0.499780223353
0.11150000000000009 -0.0932279957973 -0.531013884416
0.11200000000000009 -0.0958535014076 -0.566210727481
0.11250000000000009 -0.100371387087 -0.605942138693
0.11300000000000009 -0.105791940133 -0.65005201084
0.11350000000000009 -0.110628801825 -0.697195234138
0.11400000000000009 -0.113896088999 -0.745344400339
0.11450000000000009 -0.115887576369 -0.793274684587
0.11500000000000009 -0.117661189265 -0.841840717902
0.11550000000000009 -0.119231355311 -0.892242751962
0.11600000000000009 -0.121810419628 -0.946590604077
0.11650000000000009 -0.128028797627 -1.00734333762
0.11700000000000009 -0.139391300643 -1.07561369051
0.11750000000000009 -0.155800673528 -1.15018679358
0.11800000000000009 -0.174345691344 -1.22831341894
0.11850000000000009 -0.193799829261 -1.31005010534
0.11900000000000009 -0.217334858519 -1.39829527361
0.11950000000000009 -0.246228121274 -1.49403317963
0.12000000000000009 -0.27895230736 -1.59477856476
0.1205000000000001 -0.314273959527 -1.69838145471
0.1210000000000001 -0.351237252646 -1.80439831561
0.1215000000000001 -0.389051524334 -1.91171525651
0.1220000000000001 -0.426712051038 -2.01830517463
0.1225000000000001 -0.464455582531 -2.12295410272
0.1230000000000001 -0.502767361298 -2.22497459736
0.1235000000000001 -0.540997060067 -2.32453784362
0.1240000000000001 -0.581348690444 -2.42350343783
0.1245000000000001 -0.626140798951 -2.52341810791
0.12500000000000008 -0.674331021831 -2.6241010464
0.12550000000000008 -0.725794882538 -2.72455772498
0.12600000000000008 -0.780123044083 -2.82392561675
0.12650000000000008 -0.832367073845 -2.92114094152
0.12700000000000009 -0.879513422381 -3.01623090788
0.12750000000000009 -0.923212803992 -3.11023182425
0.12800000000000009 -0.965602768692 -3.20388264243
0.1285000000000001 -1.00861664356 -3.29745844602
0.1290000000000001 -1.05016283054 -3.38999858448
0.1295000000000001 -1.0871391714 -3.48048266105
0.1300000000000001 -1.121770975 -3.56871417033
0.1305000000000001 -1.15769887314 -3.65467122289
0.1310000000000001 -1.19512999672 -3.73795606258
0.1315000000000001 -1.23366580708 -3.81802984665
0.1320000000000001 -1.27390908433 -3.89609642557
0.1325000000000001 -1.31677884778 -3.97437946642
0.1330000000000001 -1.36288749912 -4.0537858143
0.1335000000000001 -1.41090876867 -4.13364879635
0.1340000000000001 -1.4601767854 -4.21332354385
0.1345000000000001 -1.50952463203 -4.29285073052
0.1350000000000001 -1.55675917321 -4.37227603821
0.1355000000000001 -1.60241235172 -4.45193505072
0.1360000000000001 -1.6496476773 -4.53240079231
0.1365000000000001 -1.70191935037 -4.61397912229
0.1370000000000001 -1.76189651864 -4.69641532986
0.1375000000000001 -1.83036463127 -4.77902035239
0.1380000000000001 -1.90379835672 -4.86068300568
0.1385000000000001 -1.97767839953 -4.94029729923
0.1390000000000001 -2.05222915248 -5.01666695665
0.1395000000000001 -2.1297142813 -5.08902393043
0.1400000000000001 -2.20775620426 -5.1580723936
0.1405000000000001 -2.28262094889 -5.22530982822
0.1410000000000001 -2.35487091034 -5.29134303842
0.1415000000000001 -2.42585655032 -5.35574160393
0.1420000000000001 -2.49621853979 -5.41783581175
0.1425000000000001 -2.56629064401 -5.47692638093
0.1430000000000001 -2.63545943095 -5.53285605776
0.1435000000000001 -2.70401374634 -5.58560872398
0.1440000000000001 -2.77237960686 -5.63608165839
0.1445000000000001 -2.83980204109 -5.68447129535
0.1450000000000001 -2.90583233613 -5.73026944843
0.1455000000000001 -2.97070065939 -5.77409933031
0.1460000000000001 -3.03288127686 -5.8162782513
0.1465000000000001 -3.08770410559 -5.85704297758
0.1470000000000001 -3.13149826254 -5.89576824867
0.1475000000000001 -3.1648332975 -5.93162968762
0.1480000000000001 -3.19076506004 -5.96445358333
0.1485000000000001 -3.21389042028 -5.99393748056
0.1490000000000001 -3.23674075992 -6.02021493253
0.1495000000000001 -3.25749667714 -6.04403022776
0.1500000000000001 -3.27472787217 -6.0657801091
0.1505000000000001 -3.28938805253 -6.08454445863
0.1510000000000001 -3.30160799392 -6.10032602907
0.1515000000000001 -3.30931393956 -6.11447299605
0.1520000000000001 -3.31041541233 -6.12788408151
0.1525000000000001 -3.30600126286 -6.14055622222
0.1530000000000001 -3.29931521983 -6.15192285131
0.1535000000000001 -3.29098122817 -6.1627521567
0.1540000000000001 -3.28264591842 -6.17305661197
0.1545000000000001 -3.27775695844 -6.18094790325
0.1550000000000001 -3.27532871635 -6.18542152109
0.1555000000000001 -3.27217454987 -6.18637613099
0.1560000000000001 -3.26702119 -6.18397595948
0.1565000000000001 -3.26007357595 -6.17865332597
0.1570000000000001 -3.25249114766 -6.17135988963
0.1575000000000001 -3.2459598514 -6.16238353387
0.1580000000000001 -3.23849008695 -6.1516358388
0.1585000000000001 -3.2263153032 -6.13937687885
0.1590000000000001 -3.20947357466 -6.12560074108
0.15950000000000011 -3.19105221358 -6.11014350691
0.16000000000000011 -3.17405190832 -6.09203081415
0.16050000000000011 -3.15895471338 -6.07104848933
0.16100000000000012 -3.1458334907 -6.04784780643
0.16150000000000012 -3.13487053693 -6.02349171909
0.16200000000000012 -3.12558869085 -5.99841068072
0.16250000000000012 -3.11665308372 -5.97212040973
0.16300000000000012 -3.10399181057 -5.94460679731
0.16350000000000012 -3.08487020786 -5.91484804737
0.16400000000000012 -3.05981620972 -5.88216653871
0.16450000000000012 -3.02758166286 -5.84728461525
0.16500000000000012 -2.98724777268 -5.81123054717
0.16550000000000012 -2.9427807652 -5.77292682329
0.16600000000000012 -2.89852312128 -5.73074996667
0.16650000000000012 -2.85454292544 -5.68468427399
0.16700000000000012 -2.80811738924 -5.63516232824
0.16750000000000012 -2.75607149117 -5.58298231719
0.16800000000000012 -2.69765180256 -5.52777420765
0.16850000000000012 -2.63420386105 -5.46949858926
0.16900000000000012 -2.5668528224 -5.4087940581
0.16950000000000012 -2.496831552 -5.34642259756
0.17000000000000012 -2.42341176419 -5.28355273036
0.17050000000000012 -2.34614320053 -5.22050417946
0.17100000000000012 -2.26804979782 -5.15610090284
0.17150000000000012 -2.19060376037 -5.08860939592
0.17200000000000013 -2.11274608035 -5.01716061855
0.17250000000000013 -2.03503757589 -4.94205460607
0.17300000000000013 -1.95943530833 -4.86429505467
0.17350000000000013 -1.88571462271 -4.78376332199
0.17400000000000013 -1.8124504776 -4.70036700583
0.17450000000000013 -1.7405286574 -4.61463683789
0.17500000000000013 -1.67111413733 -4.52691927328
0.17550000000000013 -1.60287904614 -4.43753365328
0.17600000000000013 -1.5330463585 -4.34626009108
0.17650000000000013 -1.46080579879 -4.25294115233
0.17700000000000013 -1.38953890287 -4.15822790013
0.17750000000000013 -1.32511173461 -4.06444109868
0.17800000000000013 -1.26926197262 -3.97381207284
0.17850000000000013 -1.21972780192 -3.88694853556
0.17900000000000013 -1.17576723667 -3.80321629496
0.17950000000000013 -1.13617479252 -3.72106858442
0.18000000000000013 -1.09940267171 -3.63937250054
0.18050000000000013 -1.06445119055 -3.55766354706
0.18100000000000013 -1.03026504536 -3.47581639138
0.18150000000000013 -0.995220769618 -3.39334227638
0.18200000000000013 -0.958799676717 -3.30991175332
0.18250000000000013 -0.922690522451 -3.2255968948
0.18300000000000013 -0.887011209708 -3.14006890357
0.18350000000000014 -0.851221310187 -3.05300235416
0.18400000000000014 -0.816027241929 -2.96469511044
0.18450000000000014 -0.781867258226 -2.87519609365
0.18500000000000014 -0.747039621651 -2.7835465179
0.18550000000000014 -0.711147777385 -2.68995319034
0.18600000000000014 -0.677206084145 -2.59709972722
0.18650000000000014 -0.647374760053 -2.50726485326
0.18700000000000014 -0.61956707168 -2.41965869844
0.18750000000000014 -0.588895820719 -2.33151301389
0.18800000000000014 -0.553852471445 -2.24089165874
0.18850000000000014 -0.515730031535 -2.14765663837
0.18900000000000014 -0.475043810931 -2.05192634756
0.18950000000000014 -0.432986304639 -1.95417447415
0.19000000000000014 -0.39122920209 -1.85491151753
0.19050000000000014 -0.3505347377 -1.7542912853
0.19100000000000014 -0.313111488507 -1.6533238842
0.19150000000000014 -0.280487972374 -1.55312187337
0.19200000000000014 -0.251028835952 -1.45408147433
0.19250000000000014 -0.225017679468 -1.35700782054
0.19300000000000014 -0.202377035138 -1.26218530404
0.19350000000000014 -0.18119427864 -1.16951210679
0.19400000000000014 -0.161914910773 -1.08046567221
0.19450000000000014 -0.144788178901 -0.9969692394
0.19500000000000015 -0.129302866633 -0.920205157972
0.19550000000000015 -0.116231399017 -0.850464413202
0.19600000000000015 -0.104607419963 -0.785963321804
0.19650000000000015 -0.091560709009 -0.722680038631
0.19700000000000015 -0.0770694798041 -0.659995387253
0.19750000000000015 -0.0643418651775 -0.6013926438
0.19800000000000015 -0.0559000439222 -0.549433789615
0.19850000000000015 -0.0509811788862 -0.503551364297
0.19900000000000015 -0.0488457282883 -0.462559022131
0.19950000000000015 -0.0505845838927 -0.427600688144
0.20000000000000015 -0.0553185330527 -0.398633836908
0.20050000000000015 -0.0610733816392 -0.374422444853
0.20100000000000015 -0.0671420786559 -0.353880898116
0.20150000000000015 -0.0726846602318 -0.335997521525
0.20200000000000015 -0.0770172944574 -0.320352902414
0.20250000000000015 -0.0800798248163 -0.306792216776
0.20300000000000015 -0.081878575914 -0.295869022213
0.20350000000000015 -0.0831770420181 -0.287830434564
0.20400000000000015 -0.0843183837967 -0.281600221061
0.20450000000000015 -0.0847330121767 -0.274917067637
0.20500000000000015 -0.0834369974201 -0.26572945496
0.20550000000000015 -0.0796181712067 -0.253256166619
0.20600000000000016 -0.074805478118 -0.239510445233
0.20650000000000016 -0.0722491367401 -0.228102876514
0.20700000000000016 -0.0727628622681 -0.220444376235
0.20750000000000016 -0.0746259642149 -0.215378734534
0.20800000000000016 -0.0757929366957 -0.211171382972
0.20850000000000016 -0.0751115049558 -0.207828957078
0.20900000000000016 -0.0733239842515 -0.206630563821
0.20950000000000016 -0.0705483020363 -0.207693910888
0.21000000000000016 -0.0652686371498 -0.209167937359
0.21050000000000016 -0.0572305806334 -0.210852289868
0.21100000000000016 -0.0490902731081 -0.21546533857
0.21150000000000016 -0.0420381253085 -0.224275001749
0.21200000000000016 -0.0354952535203 -0.236669344669
0.21250000000000016 -0.0312710714053 -0.253238735775
0.21300000000000016 -0.0301340924698 -0.274181365564
0.21350000000000016 -0.0299753108805 -0.297727225003
0.21400000000000016 -0.0306907175865 -0.324260287524
0.21450000000000016 -0.0340035905878 -0.356721367082
0.21500000000000016 -0.0405834957363 -0.397754162651
0.21550000000000016 -0.0511842392274 -0.44849158121
0.21600000000000016 -0.064756871234 -0.507614731901
0.21650000000000016 -0.0781400136329 -0.571873680709
0.21700000000000016 -0.0897481318276 -0.639189232586
0.21750000000000017 -0.100363288046 -0.709829348196
0.21800000000000017 -0.111723185566 -0.784439927427
0.21850000000000017 -0.124718465334 -0.862731202259
0.21900000000000017 -0.138268769114 -0.943029459795
0.21950000000000017 -0.152754839013 -1.02530919474
0.22000000000000017 -0.17131418343 -1.11102297318
0.22050000000000017 -0.195007188809 -1.20021458538
0.22100000000000017 -0.22277755571 -1.29112849212
0.22150000000000017 -0.253032180197 -1.38156435114
0.22200000000000017 -0.28434314377 -1.47105951603
0.22250000000000017 -0.316802329447 -1.56026902663
0.22300000000000017 -0.349745621795 -1.64998116701
0.22350000000000017 -0.382882352096 -1.74075088605
0.22400000000000017 -0.417579858238 -1.83346897846
0.22450000000000017 -0.452439599533 -1.92732377897
0.22500000000000017 -0.483437203273 -2.01968278424
0.22550000000000017 -0.508558510257 -2.10881783765
0.22600000000000017 -0.529907786072 -2.19532953129
0.22650000000000017 -0.551188917119 -2.28094458704
0.22700000000000017 -0.573614909946 -2.36579572594
0.22750000000000017 -0.597277437931 -2.44998856788
0.22800000000000017 -0.623004340975 -2.53359333419
0.22850000000000018 -0.650450355219 -2.61664689113
0.22900000000000018 -0.680264073836 -2.69971510686
0.22950000000000018 -0.714015431139 -2.78293372451
0.23000000000000018 -0.748192360444 -2.86530890821
0.23050000000000018 -0.779047198709 -2.9461367502
0.23100000000000018 -0.808474675123 -3.02711418603
0.23150000000000018 -0.838702186064 -3.11007314722
0.23200000000000018 -0.871010983143 -3.19604072811
0.23250000000000018 -0.906163872732 -3.2852908117
0.23300000000000018 -0.944490129405 -3.37696897014
0.23350000000000018 -0.986146976905 -3.47015536854
0.23400000000000018 -1.0303358358 -3.56380225327
0.23450000000000018 -1.07738997327 -3.65767344714
0.23500000000000018 -1.13001793726 -3.752321918
0.23550000000000018 -1.19142262739 -3.8484307817
0.23600000000000018 -1.26016328686 -3.94555928238
0.23650000000000018 -1.33143444932 -4.04222661183
0.23700000000000018 -1.40286719395 -4.13770030817
0.23750000000000018 -1.47487253338 -4.23157946915
0.23800000000000018 -1.54769763946 -4.323783742
0.23850000000000018 -1.61992327603 -4.41373119249
0.23900000000000018 -1.69067047102 -4.50145462456
0.23950000000000018 -1.76081346733 -4.58787113918
0.24000000000000019 -1.83285377685 -4.67359414959
0.24050000000000019 -1.90947328824 -4.75861912362
0.2410000000000002 -1.99135146142 -4.84186706354
0.2415000000000002 -2.07606039561 -4.92218153463
0.2420000000000002 -2.15876728411 -4.99887690714
0.2425000000000002 -2.23749707475 -5.07189943431
0.2430000000000002 -2.31206151045 -5.14146164154
0.2435000000000002 -2.38070601149 -5.20824803637
0.2440000000000002 -2.44408793405 -5.27282890266
0.2445000000000002 -2.50463373284 -5.33480879692
0.2450000000000002 -2.56114733264 -5.39445363135
0.2455000000000002 -2.61014368284 -5.45190362763
0.2460000000000002 -2.65293065655 -5.50628254769
0.2465000000000002 -2.69375782079 -5.55685114072
0.2470000000000002 -2.7348760681 -5.6035030499
0.2475000000000002 -2.77575026637 -5.64744595115
0.2480000000000002 -2.81455367122 -5.68988030423
0.2485000000000002 -2.85123695379 -5.73151199719
0.2490000000000002 -2.88638984035 -5.77266162047
0.2495000000000002 -2.92029475492 -5.8129185908
0.25000000000000017 -2.95083173825 -5.85163453582
0.25050000000000017 -2.97581592175 -5.88848441856
0.25100000000000017 -2.99624806898 -5.92347234201
0.25150000000000017 -3.013605179 -5.95644583804
0.25200000000000017 -3.03113157822 -5.98697549829
0.25250000000000017 -3.05260776803 -6.01459986631
0.25300000000000017 -3.07855027557 -6.03961551773
0.25350000000000017 -3.10736139215 -6.06210489057
0.25400000000000017 -3.13673955204 -6.08157371245
0.25450000000000017 -3.162818592 -6.09847724253
0.25500000000000017 -3.18364541396 -6.11356829931
0.25550000000000017 -3.20218357163 -6.12657837996
0.25600000000000017 -3.22113045537 -6.1378605844
0.2565000000000002 -3.24030278149 -6.14850313397
0.2570000000000002 -3.25782621801 -6.1592377484
0.2575000000000002 -3.27446428739 -6.16936355644
0.2580000000000002 -3.29428339071 -6.17689219643
0.2585000000000002 -3.31711668396 -6.1813018299
0.2590000000000002 -3.33992251115 -6.18268540387
0.2595000000000002 -3.36127576482 -6.18102339601
0.2600000000000002 -3.37984066144 -6.17694571972
0.2605000000000002 -3.3941819329 -6.17134605733
0.2610000000000002 -3.40396671859 -6.16455310322
0.2615000000000002 -3.40899361013 -6.1559880363
0.2620000000000002 -3.40772171126 -6.14519744517
0.2625000000000002 -3.39878642908 -6.13217180388
0.2630000000000002 -3.38211195185 -6.11654573128
0.2635000000000002 -3.35858904825 -6.09765690983
0.2640000000000002 -3.33054873653 -6.07564377849
0.2645000000000002 -3.30199583552 -6.05074170831
0.2650000000000002 -3.27480758404 -6.02317837573
0.2655000000000002 -3.24548332773 -5.99391897292
0.2660000000000002 -3.20993211783 -5.96392184154
0.2665000000000002 -3.16646022617 -5.93337531662
0.2670000000000002 -3.11614900279 -5.90141473656
0.2675000000000002 -3.06138933659 -5.86701691234
0.2680000000000002 -3.00161543819 -5.83068288601
0.2685000000000002 -2.93643448585 -5.79290017497
0.2690000000000002 -2.86901598368 -5.752716119
0.2695000000000002 -2.80278178446 -5.70957007699
0.2700000000000002 -2.73764163041 -5.66312024063
0.2705000000000002 -2.67252406331 -5.61274127466
0.2710000000000002 -2.60685211992 -5.5578938845
0.2715000000000002 -2.53858776581 -5.4987131445
0.2720000000000002 -2.46614137245 -5.43618450987
0.2725000000000002 -2.39033661386 -5.37117360815
0.2730000000000002 -2.31475772577 -5.30436237206
0.2735000000000002 -2.24224732479 -5.236516845
0.2740000000000002 -2.1729134603 -5.16828636378
0.2745000000000002 -2.1058223981 -5.09956360867
0.2750000000000002 -2.03994172161 -5.02974514749
0.2755000000000002 -1.97607817235 -4.95896529571
0.2760000000000002 -1.91748866186 -4.88782652176
0.2765000000000002 -1.86685718859 -4.81682375486
0.2770000000000002 -1.82179388261 -4.74613325419
0.2775000000000002 -1.77779286513 -4.67569892298
0.2780000000000002 -1.73455251471 -4.60547414117
0.2785000000000002 -1.69256418807 -4.53442685851
0.2790000000000002 -1.64936835168 -4.46120134286
0.2795000000000002 -1.60324868385 -4.38521491844
0.2800000000000002 -1.55475575136 -4.30633140711
0.2805000000000002 -1.50477442664 -4.22513245391
0.2810000000000002 -1.4551564354 -4.14244144646
0.2815000000000002 -1.40789307456 -4.05901603069
0.2820000000000002 -1.36412221925 -3.97526878916
0.2825000000000002 -1.32470642352 -3.89102910554
0.2830000000000002 -1.28650684271 -3.80592218854
0.2835000000000002 -1.24444539372 -3.71896776625
0.2840000000000002 -1.19753215114 -3.62977493141
0.2845000000000002 -1.1479259142 -3.53891023784
0.2850000000000002 -1.09783734533 -3.44716582378
0.2855000000000002 -1.04690374542 -3.35494363558
0.2860000000000002 -0.993718984745 -3.26160187154
0.2865000000000002 -0.937602549657 -3.16586638411
0.2870000000000002 -0.878803339801 -3.06680985865
0.2875000000000002 -0.820352245639 -2.96445189325
0.2880000000000002 -0.764389836801 -2.85889350198
0.2885000000000002 -0.709343416126 -2.75019059297
0.2890000000000002 -0.655010339726 -2.63928113526
0.2895000000000002 -0.604376274493 -2.52835694745
0.2900000000000002 -0.558464656539 -2.41890653322
0.2905000000000002 -0.516200326795 -2.31099277516
0.2910000000000002 -0.476321417774 -2.20480424891
0.2915000000000002 -0.437448678469 -2.10029461991
0.2920000000000002 -0.398827083655 -1.99681935683
0.2925000000000002 -0.358972021726 -1.89371244144
0.2930000000000002 -0.319886629776 -1.79243454916
0.2935000000000002 -0.286293179445 -1.69638660789
0.2940000000000002 -0.259036609854 -1.60684126685
0.2945000000000002 -0.236456118403 -1.52283965736
0.2950000000000002 -0.217149185926 -1.44259191944
0.2955000000000002 -0.200403642167 -1.36487922265
0.2960000000000002 -0.187168033893 -1.29021731517
0.2965000000000002 -0.178486702932 -1.21969402978
0.2970000000000002 -0.172242316204 -1.1532973065
0.2975000000000002 -0.166669353936 -1.09044271932
0.2980000000000002 -0.162044206447 -1.03174083195
0.2985000000000002 -0.15828814969 -0.977617730004
0.2990000000000002 -0.155483880468 -0.927973911397
0.2995000000000002 -0.153007681681 -0.881794882822
0.3000000000000002 -0.148619906283 -0.836687902881
0.3005000000000002 -0.141534902212 -0.791513199144
0.3010000000000002 -0.133914531845 -0.747030197757
0.3015000000000002 -0.127471440014 -0.70395275392
0.3020000000000002 -0.122811664272 -0.662612892669
0.3025000000000002 -0.121092626659 -0.624011312814
0.3030000000000002 -0.122177901123 -0.587901543739
0.3035000000000002 -0.122855336395 -0.550778837342
0.3040000000000002 -0.120506434856 -0.51007059411
0.3045000000000002 -0.116272744113 -0.467029895009
0.3050000000000002 -0.111599995248 -0.424219282765
0.3055000000000002 -0.105878983889 -0.382670876867
0.3060000000000002 -0.0978765916012 -0.342075659059
0.3065000000000002 -0.087673451727 -0.302745800776
0.3070000000000002 -0.0767207485456 -0.26548898244
0.3075000000000002 -0.0658207822395 -0.230933776181
0.3080000000000002 -0.0549649053395 -0.198789522767
0.3085000000000002 -0.0436345711219 -0.168164569435
0.3090000000000002 -0.031759460516 -0.138381820671
0.3095000000000002 -0.0213862750101 -0.110586145374
0.3100000000000002 -0.0147913775289 -0.0875178948371
0.3105000000000002 -0.0124243563745 -0.0708220652316
0.3110000000000002 -0.0135097937305 -0.0608201249218
0.3115000000000002 -0.0165010492487 -0.0565447250826
0.3120000000000002 -0.0201139446473 -0.0566047621675
0.3125000000000002 -0.0230756014832 -0.0596944833872
0.3130000000000002 -0.024427728611 -0.0657391988117
0.3135000000000002 -0.0248121237372 -0.0771317788597
0.3140000000000002 -0.0251793943491 -0.0964276607417
0.3145000000000002 -0.0259420268197 -0.124332939722
0.3150000000000002 -0.0269293308507 -0.158829984679
0.3155000000000002 -0.0277669759843 -0.197990580051
0.3160000000000002 -0.0299692157746 -0.242642833378
0.3165000000000002 -0.0355952818568 -0.293440753006
0.3170000000000002 -0.0428805576288 -0.347650012367
0.3175000000000002 -0.0510462241482 -0.403282449655
0.3180000000000002 -0.0627887383024 -0.461764212154
0.3185000000000002 -0.0783461011984 -0.523811215543
0.31900000000000023 -0.0972997615947 -0.589816654526
0.31950000000000023 -0.119118875479 -0.659458656995
0.32000000000000023 -0.141094598727 -0.730600680421
0.32050000000000023 -0.16114123941 -0.800968560821
0.32100000000000023 -0.178616688511 -0.869717985702
0.32150000000000023 -0.193508728989 -0.937765107404
0.32200000000000023 -0.206411584866 -1.00644663419
0.32250000000000023 -0.218741761545 -1.0772000378
0.32300000000000023 -0.231843557934 -1.15021168185
0.32350000000000023 -0.246076560923 -1.22420351233
0.32400000000000023 -0.260024774554 -1.29703721382
0.32450000000000023 -0.272835932249 -1.36762303777
0.32500000000000023 -0.286047633211 -1.43708723086
0.32550000000000023 -0.300323114866 -1.50593118387
0.32600000000000023 -0.315009623996 -1.57375102447
0.32650000000000023 -0.329204720515 -1.64020513385
0.32700000000000023 -0.343586789801 -1.70687342729
0.32750000000000024 -0.359794045827 -1.77639862621
0.32800000000000024 -0.377241895693 -1.84903370211
0.32850000000000024 -0.393799303613 -1.92316873146
0.32900000000000024 -0.408391714165 -1.99750964695
0.32950000000000024 -0.422611476408 -2.07289547969
0.33000000000000024 -0.438161245519 -2.15095500239
0.33050000000000024 -0.456434865268 -2.23317299604
0.33100000000000024 -0.479701539715 -2.3208438982
0.33150000000000024 -0.509855080287 -2.41396342176
0.33200000000000024 -0.546086467851 -2.51063101863
0.33250000000000024 -0.585892657429 -2.608535117
0.33300000000000024 -0.628791291609 -2.70723959361
0.33350000000000024 -0.674060743689 -2.80671314515
0.33400000000000024 -0.721633551905 -2.90682988961
0.33450000000000024 -0.773040886254 -3.00799082186
0.33500000000000024 -0.82737736405 -3.11023901898
0.33550000000000024 -0.882629031414 -3.21365156101
0.33600000000000024 -0.939895565782 -3.31883308786
0.33650000000000024 -1.00173679196 -3.42587076019
0.33700000000000024 -1.06721883939 -3.53303949398
0.33750000000000024 -1.13370966981 -3.63839615604
0.33800000000000024 -1.20108499829 -3.74162046251
0.33850000000000025 -1.27110995621 -3.84357668375
0.33900000000000025 -1.3451106841 -3.94512722423
0.33950000000000025 -1.42253102148 -4.04539017526
0.34000000000000025 -1.50061490117 -4.1425968261
0.34050000000000025 -1.57678381557 -4.23580438096
0.34100000000000025 -1.64889436186 -4.32482620357
0.34150000000000025 -1.71397730918 -4.41002673638
0.34200000000000025 -1.77203239967 -4.49156700645
0.34250000000000025 -1.82641486562 -4.56962669466
0.34300000000000025 -1.879472114 -4.64513709764
0.34350000000000025 -1.93195094458 -4.71889435322
0.34400000000000025 -1.98376485968 -4.79138749999
0.34450000000000025 -2.03507634898 -4.8629880981
0.34500000000000025 -2.08696944253 -4.93317953808
0.34550000000000025 -2.13912796726 -5.00099996468
0.34600000000000025 -2.18995278664 -5.0661124906
0.34650000000000025 -2.23782939725 -5.12946884587
0.34700000000000025 -2.28155294375 -5.19236012912
0.34750000000000025 -2.32313022269 -5.25480340718
0.34800000000000025 -2.36580899606 -5.31587541341
0.34850000000000025 -2.40858900309 -5.37467069923
0.34900000000000025 -2.4487679741 -5.43093380569
0.34950000000000025 -2.48700837253 -5.48433606519
0.35000000000000026 -2.52546330643 -5.53466060365
0.35050000000000026 -2.5649018267 -5.58209035236
0.35100000000000026 -2.60618235719 -5.62688287596
0.35150000000000026 -2.6517618547 -5.6696217091
0.35200000000000026 -2.7021672443 -5.7113710434
0.35250000000000026 -2.75418264827 -5.75325927129
0.35300000000000026 -2.80504413322 -5.79500922709
0.35350000000000026 -2.85390984966 -5.83539369401
0.35400000000000026 -2.90147057285 -5.8737272659
0.35450000000000026 -2.94963165288 -5.91041288653
0.35500000000000026 -2.99858018417 -5.94604043735
0.35550000000000026 -3.04757677909 -5.98066113393
0.35600000000000026 -3.09807845535 -6.01346852958
0.35650000000000026 -3.15126483483 -6.04336679755
0.35700000000000026 -3.20608214533 -6.06936911889
0.35750000000000026 -3.2598373579 -6.09109997552
0.35800000000000026 -3.30827114721 -6.10957764836
0.35850000000000026 -3.34858810904 -6.12540023708
0.35900000000000026 -3.38157458798 -6.1382005221
0.35950000000000026 -3.40861856016 -6.14841559058
0.36000000000000026 -3.43040275584 -6.15720578894
0.36050000000000026 -3.44816769577 -6.16501437849
0.36100000000000027 -3.46258825112 -6.17110632055
0.36150000000000027 -3.4730585601 -6.17459793702
0.36200000000000027 -3.4779415553 -6.17566816188
0.36250000000000027 -3.477525755 -6.1744749168
0.36300000000000027 -3.47513802345 -6.17094511998
0.36350000000000027 -3.47165231816 -6.165772182
0.36400000000000027 -3.46405245359 -6.16017289987
0.36450000000000027 -3.44981602862 -6.15427819538
0.36500000000000027 -3.429000505 -6.14740765322
0.36550000000000027 -3.40218113132 -6.1390664322
0.36600000000000027 -3.36935580491 -6.12855029501
0.36650000000000027 -3.33068650982 -6.11486211358
0.36700000000000027 -3.2861876709 -6.09701609153
0.36750000000000027 -3.23704651262 -6.07530848161
0.36800000000000027 -3.18687781503 -6.05029832779
0.36850000000000027 -3.13829694175 -6.0221082303
0.36900000000000027 -3.08994333976 -5.99121841072
0.3695000000000003 -3.03988596686 -5.95772342115
0.3700000000000003 -2.98734112712 -5.92140915276
0.3705000000000003 -2.93099819522 -5.88266235915
0.3710000000000003 -2.87117625439 -5.84239886077
0.3715000000000003 -2.81055100505 -5.80146510422
0.3720000000000003 -2.7530217698 -5.75993021884
0.3725000000000003 -2.70099482975 -5.71737192215
0.3730000000000003 -2.65330564089 -5.67405002536
0.3735000000000003 -2.60754787133 -5.63025580395
0.3740000000000003 -2.5632366267 -5.58522119975
0.3745000000000003 -2.52178392321 -5.53766076056
0.3750000000000003 -2.48217340203 -5.48687171909
0.3755000000000003 -2.44136726977 -5.43330103647
0.3760000000000003 -2.39857137799 -5.37775225539
0.3765000000000003 -2.3548405715 -5.32097643365
0.3770000000000003 -2.31041274304 -5.26323982811
0.3775000000000003 -2.26550476297 -5.20360491784
0.3780000000000003 -2.21997269314 -5.141102433
0.3785000000000003 -2.17272202333 -5.07566054164
0.3790000000000003 -2.12395212 -5.00810240408
0.3795000000000003 -2.07467889713 -4.93929516454
0.3800000000000003 -2.02632937996 -4.86928411106
0.3805000000000003 -1.97990024407 -4.79812670173
0.3810000000000003 -1.93468130396 -4.72624890502
0.3815000000000003 -1.88952925644 -4.65392545544
0.3820000000000003 -1.84115126849 -4.58043425102
0.3825000000000003 -1.78504257453 -4.50454627496
0.3830000000000003 -1.72207358933 -4.42522602514
0.3835000000000003 -1.65656703647 -4.34188417118
0.3840000000000003 -1.58930260865 -4.25505000782
0.3845000000000003 -1.51945355958 -4.16532751562
0.3850000000000003 -1.44840092096 -4.07309151263
0.3855000000000003 -1.37791500544 -3.97798476277
0.3860000000000003 -1.30933960432 -3.87931173575
0.3865000000000003 -1.24208651806 -3.77724999686
0.3870000000000003 -1.17399318629 -3.67224742107
0.3875000000000003 -1.1049931368 -3.56522892338
0.3880000000000003 -1.03640015258 -3.45722231324
0.3885000000000003 -0.969629873725 -3.34922841022
0.3890000000000003 -0.905946139099 -3.24218969298
0.3895000000000003 -0.846012461818 -3.13694093373
0.3900000000000003 -0.789656401709 -3.03388716888
0.3905000000000003 -0.73535971872 -2.93185734991
0.3910000000000003 -0.682537809336 -2.82963432678
0.3915000000000003 -0.632798887791 -2.72680707925
0.3920000000000003 -0.587792541862 -2.62460252582
0.3925000000000003 -0.548999874722 -2.52549021541
0.3930000000000003 -0.517076332205 -2.4306882663
0.3935000000000003 -0.489511505987 -2.33921838549
0.3940000000000003 -0.46385056703 -2.24939444809
0.3945000000000003 -0.441029009409 -2.16166576098
0.3950000000000003 -0.420874019865 -2.07678298679
0.3955000000000003 -0.401104621882 -1.99435909737
0.3960000000000003 -0.380100531145 -1.91406573859
0.3965000000000003 -0.359075533985 -1.83672456455
0.3970000000000003 -0.341037814202 -1.76375294574
0.3975000000000003 -0.326188836669 -1.69512284393
0.3980000000000003 -0.313507949418 -1.63007009942
0.3985000000000003 -0.302484676886 -1.56737033208
0.3990000000000003 -0.292211092077 -1.50482658684
0.3995000000000003 -0.281447743932 -1.44020059713
0.4000000000000003 -0.270209439715 -1.3729231351
