0.0 0.0 0.0
0.0005 -0.00390939833424 -0.00906499552393
0.001 -0.0101316913858 -0.0267791448999
0.0015 -0.014395121823 -0.0493322349656
0.002 -0.0198662378552 -0.0762922312326
0.0025 -0.0249599879637 -0.106432677847
0.003 -0.0297671161151 -0.14038058687
0.0035 -0.0351919687963 -0.176524231205
0.004 -0.0400236180489 -0.216183204517
0.0045000000000000005 -0.0451896261311 -0.257609454876
0.005000000000000001 -0.0503185434649 -0.302041067012
0.005500000000000001 -0.0553218398005 -0.348365781314
0.006000000000000002 -0.0603820804804 -0.396834317384
0.006500000000000002 -0.0654761080104 -0.447487343594
0.007000000000000003 -0.0701019240115 -0.499459991304
0.007500000000000003 -0.0749273481597 -0.553788895105
0.008000000000000004 -0.0796110596292 -0.610227778859
0.008500000000000004 -0.0853130697029 -0.670710901489
0.009000000000000005 -0.0929498231493 -0.735705861316
0.009500000000000005 -0.101802795748 -0.803842455524
0.010000000000000005 -0.110046324626 -0.870595944528
0.010500000000000006 -0.114535215888 -0.931269499851
0.011000000000000006 -0.115149433679 -0.985274850916
0.011500000000000007 -0.114539166086 -1.03666176405
0.012000000000000007 -0.115043882664 -1.08924915174
0.012500000000000008 -0.115483347559 -1.14242916048
0.013000000000000008 -0.114806162265 -1.19563574129
0.013500000000000009 -0.114073610979 -1.25062012883
0.014000000000000009 -0.115023181187 -1.30995620764
0.01450000000000001 -0.116706136567 -1.37292548617
0.01500000000000001 -0.117881045463 -1.43861273787
0.01550000000000001 -0.12011569442 -1.50868598411
0.01600000000000001 -0.123663657539 -1.58379759553
0.01650000000000001 -0.12756220844 -1.66318101571
0.01700000000000001 -0.132403422407 -1.74764896951
0.017500000000000012 -0.139453827253 -1.838103323
0.018000000000000013 -0.147251014953 -1.93245583016
0.018500000000000013 -0.154379071088 -2.02794511743
0.019000000000000013 -0.160154481292 -2.12278832973
0.019500000000000014 -0.163871270843 -2.21662877115
0.020000000000000014 -0.166967159714 -2.31229259885
0.020500000000000015 -0.172492033661 -2.41478792011
0.021000000000000015 -0.181461621013 -2.5259608348
0.021500000000000016 -0.192105012072 -2.64381136577
0.022000000000000016 -0.203365204071 -2.76612707266
0.022500000000000017 -0.215037726111 -2.89210940847
0.023000000000000017 -0.227818500802 -3.02207129087
0.023500000000000017 -0.241877169619 -3.15524115798
0.024000000000000018 -0.255491755541 -3.28880015873
0.02450000000000002 -0.267801783123 -3.42105220319
0.02500000000000002 -0.28014503491 -3.55287515196
0.02550000000000002 -0.292836317711 -3.6841684897
0.02600000000000002 -0.304692660083 -3.81313380238
0.02650000000000002 -0.315368582987 -3.93838511574
0.02700000000000002 -0.324580696155 -4.05910259854
0.02750000000000002 -0.33197986007 -4.17457677035
0.02800000000000002 -0.337163826769 -4.28479757853
0.028500000000000022 -0.341179213954 -4.39231306445
0.029000000000000022 -0.346857208879 -4.50152050186
0.029500000000000023 -0.355102372666 -4.61408616158
0.030000000000000023 -0.364324542167 -4.72784095203
0.030500000000000024 -0.37304887453 -4.83977629228
0.031000000000000024 -0.380277408415 -4.94769824095
0.03150000000000002 -0.385772603242 -5.05111476148
0.03200000000000002 -0.39065479412 -5.15120463824
0.03250000000000002 -0.395282222826 -5.24853801859
0.03300000000000002 -0.398753573053 -5.3421884408
0.03350000000000002 -0.400721701262 -5.43216455993
0.03400000000000002 -0.402487229683 -5.52065079875
0.034500000000000024 -0.405267484659 -5.60956352967
0.035000000000000024 -0.408281010325 -5.69848573949
0.035500000000000025 -0.410674146099 -5.78663540717
0.036000000000000025 -0.412887745109 -5.87492687297
0.036500000000000025 -0.415737778769 -5.96519792334
0.037000000000000026 -0.420084332405 -6.05944187415
0.037500000000000026 -0.426772373261 -6.15921710218
0.03800000000000003 -0.436081153908 -6.26483376832
0.03850000000000003 -0.447533762546 -6.3746900652
0.03900000000000003 -0.459309138795 -6.48495308513
0.03950000000000003 -0.469073619107 -6.59158625319
0.04000000000000003 -0.47677516045 -6.6939004951
0.04050000000000003 -0.484237722133 -6.79411164756
0.04100000000000003 -0.492247562153 -6.8935857606
0.04150000000000003 -0.500357515577 -6.99206499801
0.04200000000000003 -0.508353872035 -7.08921882878
0.04250000000000003 -0.516436579769 -7.18534461309
0.04300000000000003 -0.525080896215 -7.28104834796
0.04350000000000003 -0.534538983241 -7.37637228615
0.04400000000000003 -0.544227645336 -7.47013149322
0.04450000000000003 -0.553192418207 -7.56063520473
0.04500000000000003 -0.561279671089 -7.64747150706
0.045500000000000033 -0.569556151249 -7.73179621469
0.046000000000000034 -0.578792594502 -7.8142028799
0.046500000000000034 -0.588208001535 -7.89300224926
0.047000000000000035 -0.596369605261 -7.96527377654
0.047500000000000035 -0.602320254123 -8.02857439256
0.048000000000000036 -0.605307453089 -8.08127191394
0.048500000000000036 -0.604985023383 -8.12324193373
0.04900000000000004 -0.602628697218 -8.15708609014
0.04950000000000004 -0.600434816711 -8.18675885071
0.05000000000000004 -0.599306067057 -8.21444696106
0.05050000000000004 -0.598567308003 -8.239894538
0.05100000000000004 -0.597525146786 -8.26241688582
0.05150000000000004 -0.596406602681 -8.28242623939
0.05200000000000004 -0.595839463851 -8.30075456401
0.05250000000000004 -0.595682628119 -8.3171436311
0.05300000000000004 -0.594974019766 -8.33031006525
0.05350000000000004 -0.593356130749 -8.33982560364
0.05400000000000004 -0.591608249872 -8.34683487576
0.05450000000000004 -0.590515025126 -8.35257668092
0.05500000000000004 -0.590035717433 -8.35701192488
0.05550000000000004 -0.589356218224 -8.35877403024
0.05600000000000004 -0.587408567911 -8.35627876206
0.05650000000000004 -0.583860758606 -8.34935476069
0.057000000000000044 -0.579686233823 -8.34006091148
0.057500000000000044 -0.57646968317 -8.33157563656
0.058000000000000045 -0.575328992395 -8.32642484757
0.058500000000000045 -0.576747468308 -8.32571951818
0.059000000000000045 -0.580502851735 -8.32875955851
0.059500000000000046 -0.585280257092 -8.33298847842
0.060000000000000046 -0.589650130598 -8.33563438059
0.06050000000000005 -0.593476452476 -8.33560228871
0.06100000000000005 -0.597253206956 -8.33276280936
0.06150000000000005 -0.600656345058 -8.32614879955
0.06200000000000005 -0.602800944006 -8.3142454701
0.06250000000000004 -0.603578705636 -8.29671565332
0.06300000000000004 -0.603900949767 -8.2746429135
0.06350000000000004 -0.60433638361 -8.24865167782
0.06400000000000004 -0.604216803576 -8.21770122254
0.06450000000000004 -0.602519548903 -8.18025697924
0.06500000000000004 -0.599017322311 -8.13609565289
0.06550000000000004 -0.594547244506 -8.08685792179
0.06600000000000004 -0.590488720198 -8.03505320398
0.06650000000000005 -0.587741327702 -7.98231221578
0.06700000000000005 -0.586129228138 -7.92829390332
0.06750000000000005 -0.584634267085 -7.87092413591
0.06800000000000005 -0.581905924181 -7.80745144279
0.06850000000000005 -0.576913121229 -7.73577238354
0.06900000000000005 -0.569497532133 -7.65541360921
0.06950000000000005 -0.560234038159 -7.56741507969
0.07000000000000005 -0.54987687608 -7.47342985691
0.07050000000000005 -0.538911223247 -7.37488026813
0.07100000000000005 -0.527439138917 -7.27276213712
0.07150000000000005 -0.515702744501 -7.16830062976
0.07200000000000005 -0.50450044617 -7.06327820667
0.07250000000000005 -0.494396719689 -6.95890669108
0.07300000000000005 -0.484826925705 -6.85482458731
0.07350000000000005 -0.47496279962 -6.75038049732
0.07400000000000005 -0.465241746921 -6.6466311695
0.07450000000000005 -0.457068972788 -6.5458877924
0.07500000000000005 -0.451183910115 -6.44936127337
0.07550000000000005 -0.446977743515 -6.35594960807
0.07600000000000005 -0.443105845037 -6.26305391267
0.07650000000000005 -0.438296809885 -6.16810356186
0.07700000000000005 -0.431922630651 -6.0697903288
0.07750000000000005 -0.42426003438 -5.96859121641
0.07800000000000006 -0.416252956985 -5.86635368367
0.07850000000000006 -0.408931967412 -5.76521555542
0.07900000000000006 -0.402882082252 -5.6665812966
0.07950000000000006 -0.398117610939 -5.57079169648
0.08000000000000006 -0.394387613226 -5.47750561793
0.08050000000000006 -0.391512330794 -5.3862099515
0.08100000000000006 -0.389368457371 -5.29623906163
0.08150000000000006 -0.38755839641 -5.2064187956
0.08200000000000006 -0.385336403159 -5.11514294309
0.08250000000000006 -0.382187026358 -5.02128520641
0.08300000000000006 -0.378422982954 -4.9249627316
0.08350000000000006 -0.374772491818 -4.82678738494
0.08400000000000006 -0.371168257242 -4.72612665813
0.08450000000000006 -0.36631260371 -4.62061861603
0.08500000000000006 -0.358796421897 -4.50794413926
0.08550000000000006 -0.348477604163 -4.38796982478
0.08600000000000006 -0.336507745164 -4.26291385563
0.08650000000000006 -0.324273572142 -4.13577421182
0.08700000000000006 -0.312713591044 -4.00896636767
0.08750000000000006 -0.302296997411 -3.88385257266
0.08800000000000006 -0.292931128971 -3.76054841516
0.08850000000000006 -0.283984406237 -3.63813677504
0.08900000000000007 -0.274840712801 -3.51554005169
0.08950000000000007 -0.265263389485 -3.39214749326
0.09000000000000007 -0.255137354589 -3.26765663748
0.09050000000000007 -0.2442689366 -3.14188069002
0.09100000000000007 -0.232603611196 -3.01504725063
0.09150000000000007 -0.220498447442 -2.88814223382
0.09200000000000007 -0.208649395445 -2.76266726976
0.09250000000000007 -0.197545594267 -2.63972297094
0.09300000000000007 -0.186915110827 -2.51924984457
0.09350000000000007 -0.175973459628 -2.40055297716
0.09400000000000007 -0.164487446511 -2.28394283366
0.09450000000000007 -0.153482572477 -2.17169670758
0.09500000000000007 -0.144611108951 -2.06696908442
0.09550000000000007 -0.138803580775 -1.97161661598
0.09600000000000007 -0.135684950791 -1.88512890893
0.09650000000000007 -0.134157971487 -1.80538932743
0.09700000000000007 -0.133198642082 -1.73000859568
0.09750000000000007 -0.132086021984 -1.65701812944
0.09800000000000007 -0.130342289678 -1.58505954663
0.09850000000000007 -0.127831180948 -1.51356174923
0.09900000000000007 -0.124776347137 -1.44270567367
0.09950000000000007 -0.121483410676 -1.3730128985
0.10000000000000007 -0.118191644347 -1.30506128782
0.10050000000000008 -0.11522387598 -1.23950268901
0.10100000000000008 -0.112900933588 -1.17679704072
0.10150000000000008 -0.111089450462 -1.11661458627
0.10200000000000008 -0.109125853782 -1.05787321842
0.10250000000000008 -0.106507784842 -0.99981841073
0.10300000000000008 -0.103581233635 -0.943000571765
0.10350000000000008 -0.101320511062 -0.888853071892
0.10400000000000008 -0.100361408338 -0.838108558066
0.10450000000000008 -0.100217545237 -0.789549100333
0.10500000000000008 -0.0994390109568 -0.740346829858
0.10550000000000008 -0.0966488767162 -0.687813195625
0.10600000000000008 -0.0914464190305 -0.630956761295
0.10650000000000008 -0.0843090172109 -0.570551495349
0.10700000000000008 -0.0759396804963 -0.508230018754
0.10750000000000008 -0.0669898066098 -0.445865897709
0.10800000000000008 -0.0581490408011 -0.385423588544
0.10850000000000008 -0.0500677592292 -0.328693881719
0.10900000000000008 -0.0431163292731 -0.276878919617
0.10950000000000008 -0.0373218260795 -0.230437666745
0.11000000000000008 -0.0324833516119 -0.189244119116
0.11050000000000008 -0.0282634273787 -0.152838770901
0.11100000000000008 -0.0243284284359 -0.120811306411
0.11150000000000009 -0.0206922320127 -0.0933537541093
0.11200000000000009 -0.0179133529755 -0.0714124048648
0.11250000000000009 -0.0166062848208 -0.0558251125819
0.11300000000000009 -0.0165922608511 -0.0460810633155
0.11350000000000009 -0.0167620178234 -0.0402405532854
0.11400000000000009 -0.0159830267962 -0.0364294440455
0.11450000000000009 -0.0141019317064 -0.0344845440641
0.11500000000000009 -0.0120468223479 -0.0361906551429
0.11550000000000009 -0.011089325825 -0.0440887489524
0.11600000000000009 -0.012070695701 -0.0600779648365
0.11650000000000009 -0.0151945256968 -0.0848485126882
0.11700000000000009 -0.0203013900837 -0.118132677575
0.11750000000000009 -0.0271097067108 -0.159053912411
0.11800000000000009 -0.0351433601397 -0.206154461876
0.11850000000000009 -0.0436452299159 -0.257455620532
0.11900000000000009 -0.0518302732354 -0.31096648275
0.11950000000000009 -0.0592630983904 -0.36533648211
0.12000000000000009 -0.0659481009377 -0.420075191538
0.1205000000000001 -0.0721564567794 -0.475280996985
0.1210000000000001 -0.0781824135708 -0.531129674303
0.1215000000000001 -0.0840150902053 -0.587285702358
0.1220000000000001 -0.0891008987799 -0.642647600904
0.1225000000000001 -0.0926718617097 -0.696018385044
0.1230000000000001 -0.0945815446549 -0.747419391236
0.1235000000000001 -0.0957502746958 -0.798681357226
0.1240000000000001 -0.0975850250562 -0.852432663992
0.1245000000000001 -0.100923417002 -0.910336243414
0.12500000000000008 -0.105566730649 -0.972209160474
0.12550000000000008 -0.110706201708 -1.03657769707
0.12600000000000008 -0.115580593029 -1.10175927186
0.12650000000000008 -0.119699482257 -1.16643908531
0.12700000000000009 -0.122712368457 -1.22970901001
0.12750000000000009 -0.124378950616 -1.2911383389
0.12800000000000009 -0.124760457861 -1.35106922724
0.1285000000000001 -0.124368746502 -1.41077632274
0.1290000000000001 -0.124016650262 -1.47211759632
0.1295000000000001 -0.124402821007 -1.5367718609
0.1300000000000001 -0.125761642756 -1.60561329845
0.1305000000000001 -0.127879172571 -1.67871088298
0.1310000000000001 -0.130438749553 -1.75592088997
0.1315000000000001 -0.133446481993 -1.83762768345
0.1320000000000001 -0.137474843653 -1.92508685831
0.1325000000000001 -0.143451161873 -2.01992800636
0.1330000000000001 -0.151947819256 -2.12291398438
0.1335000000000001 -0.162531929104 -2.23293756558
0.1340000000000001 -0.173921808102 -2.34735011368
0.1345000000000001 -0.184879852749 -2.46345036295
0.1350000000000001 -0.194905010953 -2.57973080547
0.1355000000000001 -0.204130015985 -2.69594083691
0.1360000000000001 -0.212856609698 -2.81247170359
0.1365000000000001 -0.221397383336 -2.93000578859
0.1370000000000001 -0.230216130759 -3.0495236807
0.1375000000000001 -0.239910551526 -3.17210797501
0.1380000000000001 -0.25088096751 -3.29834245413
0.1385000000000001 -0.263001028572 -3.42777762393
0.1390000000000001 -0.275647628155 -3.55901220851
0.1395000000000001 -0.288099008617 -3.69040113317
0.1400000000000001 -0.299985086754 -3.82085642745
0.1405000000000001 -0.311447258529 -3.95013623373
0.1410000000000001 -0.322885077352 -4.07839996991
0.1415000000000001 -0.334449195482 -4.20534086677
0.1420000000000001 -0.345651169747 -4.32957817061
0.1425000000000001 -0.355456930189 -4.44891958253
0.1430000000000001 -0.362901350357 -4.56148834291
0.1435000000000001 -0.367782942367 -4.66692501272
0.1440000000000001 -0.370829068798 -4.76666925656
0.1445000000000001 -0.373171076889 -4.86309332137
0.1450000000000001 -0.375673869075 -4.9583337291
0.1455000000000001 -0.378763435609 -5.05380110589
0.1460000000000001 -0.382683335148 -5.15034668939
0.1465000000000001 -0.387583148725 -5.24832317303
0.1470000000000001 -0.39327148557 -5.34730908763
0.1475000000000001 -0.399116938853 -5.44610889803
0.1480000000000001 -0.404419035846 -5.54343274778
0.1485000000000001 -0.408918938037 -5.63876203185
0.1490000000000001 -0.412945657285 -5.73261975849
0.1495000000000001 -0.417098680475 -5.82604579195
0.1500000000000001 -0.421757817697 -5.91974541275
0.1505000000000001 -0.426785339285 -6.01357499953
0.1510000000000001 -0.431641455324 -6.10677062861
0.1515000000000001 -0.435869332104 -6.1988074153
0.1520000000000001 -0.43961121972 -6.29026377342
0.1525000000000001 -0.443723048924 -6.38295356904
0.1530000000000001 -0.449332723445 -6.47909820399
0.1535000000000001 -0.457161140675 -6.58010113292
0.1540000000000001 -0.46715480238 -6.68584049389
0.1545000000000001 -0.478682931524 -6.79490619286
0.1550000000000001 -0.490989825949 -6.90533453705
0.1555000000000001 -0.503409017032 -7.01510191188
0.1560000000000001 -0.515279112771 -7.12223587827
0.1565000000000001 -0.525956182488 -7.22502648489
0.1570000000000001 -0.535133374704 -7.3225683415
0.1575000000000001 -0.543112525553 -7.41511218887
0.1580000000000001 -0.550578472281 -7.50362463191
0.1585000000000001 -0.558003525668 -7.58879443605
0.1590000000000001 -0.565274628307 -7.67039445008
0.15950000000000011 -0.571877346179 -7.74754629608
0.16000000000000011 -0.577400743317 -7.81956024421
0.16050000000000011 -0.58192905145 -7.88661643987
0.16100000000000012 -0.586065174162 -7.9497779848
0.16150000000000012 -0.590560062457 -8.01028562593
0.16200000000000012 -0.595756802374 -8.06856350775
0.16250000000000012 -0.601260161592 -8.12366137637
0.16300000000000012 -0.606126566944 -8.17360293566
0.16350000000000012 -0.609415268582 -8.21637321669
0.16400000000000012 -0.610627173267 -8.2507792904
0.16450000000000012 -0.609744447432 -8.27668398771
0.16500000000000012 -0.607031704927 -8.2947908499
0.16550000000000012 -0.602940884957 -8.30645566077
0.16600000000000012 -0.598182153512 -8.31362642407
0.16650000000000012 -0.593667646125 -8.31854474183
0.16700000000000012 -0.590129765611 -8.32301199822
0.16750000000000012 -0.587697782098 -8.32769883814
0.16800000000000012 -0.585921888641 -8.33221308808
0.16850000000000012 -0.584301459163 -8.33596649469
0.16900000000000012 -0.582810281246 -8.33903852345
0.16950000000000012 -0.581920016066 -8.34223904588
0.17000000000000012 -0.582152973691 -8.34637751447
0.17050000000000012 -0.583593405006 -8.35142221215
0.17100000000000012 -0.585719721111 -8.35621019882
0.17150000000000012 -0.587637509104 -8.35890361907
0.17200000000000013 -0.588565073709 -8.35791493984
0.17250000000000013 -0.588270984505 -8.35272723924
0.17300000000000013 -0.587156769569 -8.3440769611
0.17350000000000013 -0.585949845013 -8.3334449861
0.17400000000000013 -0.585321857922 -8.32234459536
0.17450000000000013 -0.585740605852 -8.31189723294
0.17500000000000013 -0.587493949074 -8.30267638806
0.17550000000000013 -0.590617254016 -8.29450601113
0.17600000000000013 -0.59470334607 -8.28621928597
0.17650000000000013 -0.598895545511 -8.27579390499
0.17700000000000013 -0.602267519704 -8.26109455376
0.17750000000000013 -0.604349215743 -8.24078678922
0.17800000000000013 -0.605303658056 -8.21464112392
0.17850000000000013 -0.60555017481 -8.18293354133
0.17900000000000013 -0.605188994952 -8.14552082217
0.17950000000000013 -0.603779991005 -8.10147800088
0.18000000000000013 -0.600649707372 -8.04960912657
0.18050000000000013 -0.59541085495 -7.98935074104
0.18100000000000013 -0.588278879943 -7.92135351465
0.18150000000000013 -0.58001404559 -7.84737878367
0.18200000000000013 -0.571573072682 -7.76962251455
0.18250000000000013 -0.563689242528 -7.68987991079
0.18300000000000013 -0.556626299867 -7.60901035981
0.18350000000000014 -0.550217318042 -7.52691141797
0.18400000000000014 -0.544053218064 -7.44281630298
0.18450000000000014 -0.537602699381 -7.35559857322
0.18500000000000014 -0.530261177877 -7.2640479625
0.18550000000000014 -0.521526145536 -7.16732124218
0.18600000000000014 -0.511326785684 -7.06551914975
0.18650000000000014 -0.500195766609 -6.95990210229
0.18700000000000014 -0.488990497829 -6.8523545909
0.18750000000000014 -0.4783257718 -6.74440891589
0.18800000000000014 -0.468231978607 -6.63665493494
0.18850000000000014 -0.458359604113 -6.52904487428
0.18900000000000014 -0.44851881 -6.42175764834
0.18950000000000014 -0.439043508679 -6.31579166332
0.19000000000000014 -0.430676186219 -6.21276093446
0.19050000000000014 -0.424115770647 -6.11409107682
0.19100000000000014 -0.41960484986 -6.02024022172
0.19150000000000014 -0.416807802585 -5.93042446386
0.19200000000000014 -0.414973614758 -5.84290423181
0.19250000000000014 -0.413230488203 -5.75558268572
0.19300000000000014 -0.410849425798 -5.66660026959
0.19350000000000014 -0.407382411257 -5.57472260929
0.19400000000000014 -0.402700364938 -5.47951609602
0.19450000000000014 -0.397021637675 -5.38140083691
0.19500000000000015 -0.390912866806 -5.28153425096
0.19550000000000015 -0.385102919051 -5.18134203617
0.19600000000000015 -0.380073515776 -5.08174617799
0.19650000000000015 -0.37571891295 -4.98259843704
0.19700000000000015 -0.371443513074 -4.88286791473
0.19750000000000015 -0.36667524255 -4.781498406
0.19800000000000015 -0.361326311518 -4.67817475713
0.19850000000000015 -0.355769164734 -4.57330409851
0.19900000000000015 -0.350379736265 -4.4672780623
0.19950000000000015 -0.345090450962 -4.35972376321
0.20000000000000015 -0.339319691215 -4.24937544278
0.20050000000000015 -0.332271123891 -4.13461070264
0.20100000000000015 -0.323330461973 -4.01421778056
0.20150000000000015 -0.31231057974 -3.8879341603
0.20200000000000015 -0.299480933996 -3.75657654984
0.20250000000000015 -0.285458609044 -3.62184403163
0.20300000000000015 -0.271055025409 -3.48595225914
0.20350000000000015 -0.257113727003 -3.35119459516
0.20400000000000015 -0.244322922633 -3.21946057835
0.20450000000000015 -0.233002133863 -3.09177869307
0.20500000000000015 -0.222958593499 -2.96808658479
0.20550000000000015 -0.213586535967 -2.84748899967
0.20600000000000016 -0.204265243719 -2.72901105248
0.20650000000000016 -0.194808086859 -2.61238011228
0.20700000000000016 -0.185558443482 -2.49818933503
0.20750000000000016 -0.17700647163 -2.38727725794
0.20800000000000016 -0.169280518137 -2.27990490756
0.20850000000000016 -0.161999082311 -2.17551111693
0.20900000000000016 -0.154594946166 -2.07324836891
0.20950000000000016 -0.146780943676 -1.97278972577
0.21000000000000016 -0.13877351987 -1.87475887204
0.21050000000000016 -0.131180586097 -1.78056175378
0.21100000000000016 -0.124724022865 -1.69185250527
0.21150000000000016 -0.119991053537 -1.60997493491
0.21200000000000016 -0.117283020373 -1.53556171231
0.21250000000000016 -0.116535225006 -1.46831427509
0.21300000000000016 -0.11728657883 -1.40696333709
0.21350000000000016 -0.118733877014 -1.34946591994
0.21400000000000016 -0.119928512191 -1.29349519676
0.21450000000000016 -0.120105493437 -1.23713755347
0.21500000000000016 -0.118994465699 -1.17948563171
0.21550000000000016 -0.116878020478 -1.12072839991
0.21600000000000016 -0.11428585083 -1.06160002843
0.21650000000000016 -0.111518425925 -1.00255985984
0.21700000000000016 -0.10840097619 -0.943374370505
0.21750000000000017 -0.104502447161 -0.88346656591
0.21800000000000017 -0.0996172338001 -0.822694427438
0.21850000000000017 -0.0940528731631 -0.761819808509
0.21900000000000017 -0.0884795491209 -0.702253647889
0.21950000000000017 -0.0835243253087 -0.645336090947
0.22000000000000017 -0.0794616646775 -0.59172125581
0.22050000000000017 -0.0761560922444 -0.541185599635
0.22100000000000017 -0.0731658040465 -0.492788972723
0.22150000000000017 -0.0698788536705 -0.44519665858
0.22200000000000017 -0.0656594012008 -0.397078726027
0.22250000000000017 -0.0600369338679 -0.34757406209
0.22300000000000017 -0.0529181388565 -0.296730709649
0.22350000000000017 -0.0447161469847 -0.245716051195
0.22400000000000017 -0.0362697261634 -0.196589936696
0.22450000000000017 -0.0285193176826 -0.151633535431
0.22500000000000017 -0.0220902176389 -0.112547283452
0.22550000000000017 -0.017064785893 -0.0800194583762
0.22600000000000017 -0.013138220826 -0.0539738320731
0.22650000000000017 -0.0100507503173 -0.0342855658817
0.22700000000000017 -0.00792712783292 -0.021339828228
0.22750000000000017 -0.00721687929994 -0.015931512454
0.22800000000000017 -0.00829596870589 -0.0186047078704
0.22850000000000018 -0.0111002730777 -0.0290321549153
0.22900000000000018 -0.0150945919933 -0.0459478752463
0.22950000000000018 -0.0195384228378 -0.0676160243733
0.23000000000000018 -0.0237844040751 -0.0924335132561
0.23050000000000018 -0.0274370455928 -0.119346026042
0.23100000000000018 -0.0304083387119 -0.148050273403
0.23150000000000018 -0.0329526103299 -0.179055635349
0.23200000000000018 -0.0356483040847 -0.213557969436
0.23250000000000018 -0.039232897227 -0.253021214079
0.23300000000000018 -0.0442922585894 -0.298524343084
0.23350000000000018 -0.050953013241 -0.350166426853
0.23400000000000018 -0.0587802186762 -0.406893301784
0.23450000000000018 -0.0669865754424 -0.466910898048
0.23500000000000018 -0.0748529163578 -0.528471427119
0.23550000000000018 -0.0820757412173 -0.59051730871
0.23600000000000018 -0.0887746047256 -0.652731540172
0.23650000000000018 -0.0951570209259 -0.715005433413
0.23700000000000018 -0.101140587684 -0.77682972207
0.23750000000000018 -0.106271502632 -0.837172596266
0.23800000000000018 -0.109999473966 -0.894955202809
0.23850000000000018 -0.112050836751 -0.949714483742
0.23900000000000018 -0.112601535468 -1.00195104474
0.23950000000000018 -0.112189958704 -1.05301174542
0.24000000000000019 -0.111528914466 -1.10471476455
0.24050000000000019 -0.111353311182 -1.15894409692
0.2410000000000002 -0.112281802094 -1.21724777118
0.2415000000000002 -0.114630739743 -1.2804213124
0.2420000000000002 -0.11824711386 -1.34822305385
0.2425000000000002 -0.122526067262 -1.41947841141
0.2430000000000002 -0.126688026861 -1.49265739323
0.2435000000000002 -0.130184941665 -1.56666519475
0.2440000000000002 -0.132980085462 -1.64138106599
0.2445000000000002 -0.135510091843 -1.71760760321
0.2450000000000002 -0.138351036355 -1.79648274873
0.2455000000000002 -0.141831335119 -1.87879334948
0.2460000000000002 -0.14588982105 -1.96470713185
0.2465000000000002 -0.150285375227 -2.05409944611
0.2470000000000002 -0.154962243662 -2.14714668449
0.2475000000000002 -0.160245246434 -2.24464431166
0.2480000000000002 -0.166714603192 -2.34778327599
0.2485000000000002 -0.174901897903 -2.4575898475
0.2490000000000002 -0.185054215295 -2.57443394812
0.2495000000000002 -0.197067015684 -2.69782069361
0.25000000000000017 -0.210508845426 -2.82641035364
0.25050000000000017 -0.224662009288 -2.95817586701
0.25100000000000017 -0.238627835684 -3.09074302824
0.25150000000000017 -0.251574795226 -3.22196670723
0.25200000000000017 -0.263063423494 -3.35057272012
0.25250000000000017 -0.273231749672 -3.47648839148
0.25300000000000017 -0.282669247164 -3.6005890222
0.25350000000000017 -0.292032529592 -3.7239750902
0.25400000000000017 -0.30165778777 -3.84723923085
0.25450000000000017 -0.311430650101 -3.9701903769
0.25500000000000017 -0.320984860525 -4.09216584302
0.25550000000000017 -0.330058823007 -4.21263192759
0.25600000000000017 -0.338722152211 -4.33157217478
0.2565000000000002 -0.347294837251 -4.44935658562
0.2570000000000002 -0.356042919227 -4.56622636257
0.2575000000000002 -0.364915251398 -4.68183343627
0.2580000000000002 -0.373515571294 -4.79517607671
0.2585000000000002 -0.381273886851 -4.9049112373
0.2590000000000002 -0.387647928998 -5.00978906552
0.2595000000000002 -0.392262308706 -5.10902686957
0.2600000000000002 -0.39502493552 -5.20261161964
0.2605000000000002 -0.396250057695 -5.29151491231
0.2610000000000002 -0.396692022791 -5.37765653894
0.2615000000000002 -0.397357990079 -5.46344643978
0.2620000000000002 -0.399122657713 -5.55100243331
0.2625000000000002 -0.402370508473 -5.64145675387
0.2630000000000002 -0.406918203203 -5.73478614581
0.2635000000000002 -0.412271831777 -5.83025464628
0.2640000000000002 -0.418022792936 -5.92712480814
0.2645000000000002 -0.424094923831 -6.0251285798
0.2650000000000002 -0.430686445 -6.12441055791
0.2655000000000002 -0.437988137486 -6.22507293999
0.2660000000000002 -0.44592059145 -6.32673962866
0.2665000000000002 -0.454099021244 -6.42850503803
0.2670000000000002 -0.462036505154 -6.52930100681
0.2675000000000002 -0.469409778593 -6.62839610014
0.2680000000000002 -0.476203092718 -6.72570452826
0.2685000000000002 -0.482696278039 -6.82180208548
0.2690000000000002 -0.489383148874 -6.91774370758
0.2695000000000002 -0.496869392933 -7.01476255901
0.2700000000000002 -0.505703522357 -7.11383308948
0.2705000000000002 -0.516120255802 -7.21514154064
0.2710000000000002 -0.52782317651 -7.31771450236
0.2715000000000002 -0.540006375688 -7.41952497325
0.2720000000000002 -0.551674921246 -7.51813743445
0.2725000000000002 -0.562079552843 -7.61154858011
0.2730000000000002 -0.570971926301 -7.69870672094
0.2735000000000002 -0.578522919422 -7.77942730149
0.2740000000000002 -0.585004701177 -7.8538673889
0.2745000000000002 -0.590498127478 -7.92201146953
0.2750000000000002 -0.594835187791 -7.98354629721
0.2755000000000002 -0.597785546364 -8.03816003132
0.2760000000000002 -0.599314097605 -8.08597715969
0.2765000000000002 -0.599707807351 -8.1277750933
0.2770000000000002 -0.599498456104 -8.16483427793
0.2775000000000002 -0.599266678956 -8.19854419664
0.2780000000000002 -0.599459683702 -8.22999121178
0.2785000000000002 -0.600275401769 -8.2596594458
0.2790000000000002 -0.601587417095 -8.28726495111
0.2795000000000002 -0.602917025492 -8.31176889226
0.2800000000000002 -0.603538512159 -8.33168741937
0.2805000000000002 -0.602771222356 -8.34572026399
0.2810000000000002 -0.600340719972 -8.35344451072
0.2815000000000002 -0.596561271261 -8.35564220893
0.2820000000000002 -0.592181091872 -8.35400723089
0.2825000000000002 -0.58798775825 -8.35041167109
0.2830000000000002 -0.584456364169 -8.34622576772
0.2835000000000002 -0.581670539216 -8.3421044501
0.2840000000000002 -0.579518768079 -8.3382686944
0.2845000000000002 -0.577969336052 -8.33495556834
0.2850000000000002 -0.577204608364 -8.33264987599
0.2855000000000002 -0.577535693147 -8.33193886134
0.2860000000000002 -0.579189520344 -8.33313114827
0.2865000000000002 -0.582129839661 -8.33592051712
0.2870000000000002 -0.586010137831 -8.33928904014
0.2875000000000002 -0.5902442338 -8.34166116688
0.2880000000000002 -0.594132143619 -8.34121877956
0.2885000000000002 -0.597017055212 -8.33630864925
0.2890000000000002 -0.59848299191 -8.3258946477
0.2895000000000002 -0.598547749029 -8.30992015214
0.2900000000000002 -0.597714487542 -8.28934028762
0.2905000000000002 -0.596765551638 -8.26566698937
0.2910000000000002 -0.596362314597 -8.24018553064
0.2915000000000002 -0.596701855331 -8.21329546112
0.2920000000000002 -0.597469969455 -8.18438954618
0.2925000000000002 -0.598104291978 -8.15229844432
0.2930000000000002 -0.5981462705 -8.11592653633
0.2935000000000002 -0.597424474116 -8.07462581928
0.2940000000000002 -0.595980157078 -8.02812619879
0.2945000000000002 -0.593849133779 -7.97619393732
0.2950000000000002 -0.590890148354 -7.9183457381
0.2955000000000002 -0.586774121505 -7.85383786745
0.2960000000000002 -0.58111481146 -7.78192154657
0.2965000000000002 -0.573641854406 -7.70219995099
0.2970000000000002 -0.564333182345 -7.61492050236
0.2975000000000002 -0.553484006181 -7.52111882003
0.2980000000000002 -0.541712012103 -7.42257710337
0.2985000000000002 -0.529867582107 -7.32154671127
0.2990000000000002 -0.518809324707 -7.22021597037
0.2995000000000002 -0.509089140948 -7.12006207548
0.3000000000000002 -0.500716089708 -7.02141086982
0.3005000000000002 -0.493185985723 -6.9235151915
0.3010000000000002 -0.485799367578 -6.82516106916
0.3015000000000002 -0.478064451671 -6.72543167277
0.3020000000000002 -0.469908744214 -6.62414336722
0.3025000000000002 -0.461582576436 -6.52173705072
0.3030000000000002 -0.453381832085 -6.41882302291
0.3035000000000002 -0.445426846195 -6.31578287927
0.3040000000000002 -0.437640737582 -6.21269791535
0.3045000000000002 -0.429893121366 -6.10957659879
0.3050000000000002 -0.422172718374 -6.00665623851
0.3055000000000002 -0.414675762843 -5.90456433554
0.3060000000000002 -0.407782927183 -5.80426041981
0.3065000000000002 -0.401958159553 -5.70679743637
0.3070000000000002 -0.397605755416 -5.6129780926
0.3075000000000002 -0.394903589968 -5.52298031184
0.3080000000000002 -0.393646648496 -5.43606114528
0.3085000000000002 -0.393187019313 -5.35051080352
0.3090000000000002 -0.392569273571 -5.26400469369
0.3095000000000002 -0.390863037228 -5.17430534103
0.3100000000000002 -0.387531845568 -5.07999421865
0.3105000000000002 -0.382601771121 -4.98081257124
0.3110000000000002 -0.376511749828 -4.87741327488
0.3115000000000002 -0.369762448361 -4.77073035759
0.3120000000000002 -0.362624478127 -4.66142030355
0.3125000000000002 -0.355091032467 -4.54971162676
0.3130000000000002 -0.3470467161 -4.43564380313
0.3135000000000002 -0.338473083411 -4.31940493574
0.3140000000000002 -0.32953331933 -4.20148462609
0.3145000000000002 -0.320508864565 -4.08256316276
0.3150000000000002 -0.311662009889 -3.96324467212
0.3155000000000002 -0.303106758712 -3.84378887838
0.3160000000000002 -0.294727457941 -3.72394619547
0.3165000000000002 -0.286159338825 -3.60295361254
0.3170000000000002 -0.276853941981 -3.47973600104
0.3175000000000002 -0.266254206198 -3.35332497104
0.3180000000000002 -0.25405350706 -3.22339922842
0.3185000000000002 -0.240423439885 -3.09070549102
0.31900000000000023 -0.226050615938 -2.95707720077
0.31950000000000023 -0.211905157715 -2.82494402846
0.32000000000000023 -0.198847041453 -2.69655009455
0.32050000000000023 -0.187313022096 -2.57332193769
0.32100000000000023 -0.177278359975 -2.45573290254
0.32150000000000023 -0.168479078557 -2.34365141844
0.32200000000000023 -0.160693586763 -2.2368354153
0.32250000000000023 -0.153876616498 -2.1352064799
0.32300000000000023 -0.148094336212 -2.03878542519
0.32350000000000023 -0.143366081857 -1.94744317944
0.32400000000000023 -0.139548354328 -1.86070179281
0.32450000000000023 -0.136319635834 -1.77771589242
0.32500000000000023 -0.133247073544 -1.69743066166
0.32550000000000023 -0.129900783779 -1.61885626851
0.32600000000000023 -0.125997747102 -1.54139395694
0.32650000000000023 -0.121546684108 -1.46512072034
0.32700000000000023 -0.116923632366 -1.39088586146
0.32750000000000024 -0.112791642959 -1.32007869738
0.32800000000000024 -0.109840762795 -1.2540645644
0.32850000000000024 -0.108449887817 -1.19351034881
0.32900000000000024 -0.108465428813 -1.13796433172
0.32950000000000024 -0.109252050085 -1.08595972831
0.33000000000000024 -0.109995991114 -1.03559394101
0.33050000000000024 -0.110061106552 -0.985223118104
0.33100000000000024 -0.109168963183 -0.933861609878
0.33150000000000024 -0.107325827924 -0.881130592902
0.33200000000000024 -0.104613407104 -0.826934350521
0.33250000000000024 -0.101029003496 -0.77118041676
0.33300000000000024 -0.0964716358264 -0.713733693276
0.33350000000000024 -0.0908380959567 -0.65457417285
0.33400000000000024 -0.0841387718232 -0.594011422865
0.33450000000000024 -0.0765764318548 -0.532833145441
0.33500000000000024 -0.0685737543407 -0.472327241868
0.33550000000000024 -0.0607350409834 -0.414137680563
0.33600000000000024 -0.0537146230813 -0.359927936747
0.33650000000000024 -0.0479972994836 -0.310905252472
0.33700000000000024 -0.0436758613709 -0.267392858566
0.33750000000000024 -0.0403662456674 -0.22870821254
0.33800000000000024 -0.0373569602937 -0.193499597865
0.33850000000000025 -0.03394823417 -0.160431076908
0.33900000000000025 -0.0297944826464 -0.128861023066
0.33950000000000025 -0.0250420915933 -0.0991348368779
0.34000000000000025 -0.0201896838434 -0.0723579228387
0.34050000000000025 -0.0157916783791 -0.0498561251289
0.34100000000000025 -0.01221948324 -0.0327011214869
0.34150000000000025 -0.00961558191389 -0.021556571932
0.34200000000000025 -0.0080086426666 -0.0168206291708
0.34250000000000025 -0.00745552237791 -0.0188499072771
0.34300000000000025 -0.00810514251186 -0.0280699909418
0.34350000000000025 -0.010170973505 -0.0449177851525
0.34400000000000025 -0.0138500040474 -0.0696634908431
0.34450000000000025 -0.0192160006642 -0.102177143996
0.34500000000000025 -0.0261035292565 -0.141707636819
0.34550000000000025 -0.0340287509874 -0.18678403233
0.34600000000000025 -0.042226570755 -0.235375156201
0.34650000000000025 -0.0498523448521 -0.28535917423
0.34700000000000025 -0.0562900420661 -0.33516051921
0.34750000000000025 -0.0614047295741 -0.384242159908
0.34800000000000025 -0.0655747599634 -0.433158438258
0.34850000000000025 -0.0694646380517 -0.483110922551
0.34900000000000025 -0.0736709189049 -0.535256820261
0.34950000000000025 -0.0784582124293 -0.590168156219
0.35000000000000026 -0.083728962068 -0.647711967358
0.35050000000000026 -0.08919715119 -0.707318644197
0.35100000000000026 -0.094605074892 -0.768368040063
0.35150000000000026 -0.0998325899165 -0.830420148387
0.35200000000000026 -0.104865967152 -0.893203681608
0.35250000000000026 -0.109697320654 -0.956460840833
0.35300000000000026 -0.114237049792 -1.01979460808
0.35350000000000026 -0.11827339471 -1.08260712487
0.35400000000000026 -0.121484310098 -1.14416451889
0.35450000000000026 -0.12351719281 -1.20381037045
0.35500000000000026 -0.124148216344 -1.26131263598
0.35550000000000026 -0.123475133324 -1.31722363962
0.35600000000000026 -0.122027096003 -1.37303251463
0.35650000000000026 -0.120678191664 -1.43092422814
0.35700000000000026 -0.12035969255 -1.49316611537
0.35750000000000026 -0.121709763903 -1.56139538679
0.35800000000000026 -0.124861748529 -1.63618124833
0.35850000000000026 -0.129492173227 -1.71708435366
0.35900000000000026 -0.135079985843 -1.80313019186
0.35950000000000026 -0.141197214909 -1.89337421105
0.36000000000000026 -0.147656503838 -1.98723482833
0.36050000000000026 -0.154467961341 -2.08448409478
0.36100000000000027 -0.161693810691 -2.18502768951
0.36150000000000027 -0.169328633643 -2.28869539807
0.36200000000000027 -0.177270704856 -2.39517874134
0.36250000000000027 -0.185369816372 -2.50411765554
0.36300000000000027 -0.193510774817 -2.61526998543
0.36350000000000027 -0.201707232619 -2.72869430914
0.36400000000000027 -0.210179537086 -2.84486670114
0.36450000000000027 -0.219360110642 -2.96462240051
0.36500000000000027 -0.229766353081 -3.08884087064
0.36550000000000027 -0.241752258972 -3.2179337021
0.36600000000000027 -0.255258494499 -3.35137558332
0.36650000000000027 -0.269725904353 -3.48757600147
0.36700000000000027 -0.284257217013 -3.62423074834
0.36750000000000027 -0.297952648546 -3.75900461028
0.36800000000000027 -0.31022801308 -3.89018827054
0.36850000000000027 -0.320940629418 -4.01700100236
0.36900000000000027 -0.330284416459 -4.13945193758
0.3695000000000003 -0.338564112385 -4.2579424694
0.3700000000000003 -0.346009999029 -4.37289946107
0.3705000000000003 -0.352726344305 -4.48462685623
0.3710000000000003 -0.358754143812 -4.59337041103
0.3715000000000003 -0.364167037396 -4.69946606193
0.3720000000000003 -0.369135534034 -4.80344450112
0.3725000000000003 -0.373938278004 -4.90602781214
0.3730000000000003 -0.378915781961 -5.00799808612
0.3735000000000003 -0.384359612159 -5.10994445887
0.3740000000000003 -0.390355400315 -5.21195751622
0.3745000000000003 -0.396658010744 -5.3134335558
0.3750000000000003 -0.402709113797 -5.41317718585
0.3755000000000003 -0.407846892246 -5.50986121241
0.3760000000000003 -0.411625463243 -5.60266749006
0.3765000000000003 -0.414062780316 -5.6917691317
0.3770000000000003 -0.415662886347 -5.77837342679
0.3775000000000003 -0.417200613266 -5.8643030942
0.3780000000000003 -0.41940653645 -5.95136567599
0.3785000000000003 -0.4227361932 -6.04085347299
0.3790000000000003 -0.427326390388 -6.13338220569
0.3795000000000003 -0.433107398949 -6.22903857866
0.3800000000000003 -0.439956440689 -6.32764407263
0.3805000000000003 -0.447791535248 -6.42894370561
0.3810000000000003 -0.456576690033 -6.53264184826
0.3815000000000003 -0.4662665018 -6.63831614155
0.3820000000000003 -0.476728385287 -6.74528337905
0.3825000000000003 -0.487672327693 -6.85249568678
0.3830000000000003 -0.498626837672 -6.95855449702
0.3835000000000003 -0.50901150593 -7.06192263131
0.3840000000000003 -0.518323481464 -7.16133170308
0.3845000000000003 -0.526368738976 -7.25622903959
0.3850000000000003 -0.533396199982 -7.34700081448
0.3855000000000003 -0.540017812925 -7.43477498397
0.3860000000000003 -0.546927198251 -7.52084628685
0.3865000000000003 -0.554569268296 -7.60601221569
0.3870000000000003 -0.562949607423 -7.69017196065
0.3875000000000003 -0.571675955631 -7.77236961767
0.3880000000000003 -0.58017348239 -7.85119065756
0.3885000000000003 -0.587924087607 -7.92524343416
0.3890000000000003 -0.5946013976 -7.99347694444
0.3895000000000003 -0.60006885625 -8.05524681808
0.3900000000000003 -0.604294517512 -8.11020342179
0.3905000000000003 -0.607259082431 -8.15813903779
0.3910000000000003 -0.608905356738 -8.1988999051
0.3915000000000003 -0.609144735588 -8.23241061696
0.3920000000000003 -0.607923112422 -8.25881402512
0.3925000000000003 -0.605334505402 -8.2786821139
0.3930000000000003 -0.601732608157 -8.2931833846
0.3935000000000003 -0.59775187593 -8.30404544318
0.3940000000000003 -0.594168347809 -8.31321136987
0.3945000000000003 -0.591627010699 -8.32227034652
0.3950000000000003 -0.590374772022 -8.33193261041
0.3955000000000003 -0.590165390201 -8.34185129245
0.3960000000000003 -0.590405052932 -8.35091076798
0.3965000000000003 -0.590453119866 -8.35782311744
0.3970000000000003 -0.589900930894 -8.36170461784
0.3975000000000003 -0.588686621792 -8.36235642875
0.3980000000000003 -0.587024985876 -8.36018560822
0.3985000000000003 -0.585239755165 -8.35590700776
0.3990000000000003 -0.583612244943 -8.35023627855
0.3995000000000003 -0.582312438395 -8.34371686099
