0.0 0.0 0.0
0.0005 -0.00394356293868 -0.00912396334816
0.001 -0.0101490634414 -0.0267637253948
0.0015 -0.0143408113598 -0.0493770253264
0.002 -0.0199212807181 -0.0762769900822
0.0025 -0.024927906822 -0.106444372831
0.003 -0.0297585507163 -0.140408624654
0.0035 -0.0352269695052 -0.176475541318
0.004 -0.039981387772 -0.216267438337
0.0045000000000000005 -0.0452101068427 -0.257515225979
0.005000000000000001 -0.0503226055921 -0.302137242254
0.005500000000000001 -0.0553040309384 -0.348303822338
0.006000000000000002 -0.060387281571 -0.396859254426
0.006500000000000002 -0.0655174605677 -0.44753030108
0.007000000000000003 -0.070026291161 -0.499364179367
0.007500000000000003 -0.0749880169422 -0.553822712497
0.008000000000000004 -0.0794582215296 -0.610000955599
0.008500000000000004 -0.0852463420421 -0.670691364704
0.009000000000000005 -0.0930264089905 -0.735840552267
0.009500000000000005 -0.102026253012 -0.804405385193
0.010000000000000005 -0.110448808625 -0.871134230628
0.010500000000000006 -0.114491063266 -0.931280385223
0.011000000000000006 -0.114750780511 -0.984621775643
0.011500000000000007 -0.114206673082 -1.03612865343
0.012000000000000007 -0.115306595977 -1.08941989829
0.012500000000000008 -0.115599100057 -1.14246499545
0.013000000000000008 -0.114603648278 -1.19530233401
0.013500000000000009 -0.113746308688 -1.25015346438
0.014000000000000009 -0.115315777171 -1.31022990056
0.01450000000000001 -0.116905859752 -1.37305435814
0.01500000000000001 -0.117463930609 -1.43820424698
0.01550000000000001 -0.120187028522 -1.50866280471
0.01600000000000001 -0.123896227425 -1.58402942292
0.01650000000000001 -0.127351323427 -1.6629047512
0.01700000000000001 -0.132097308423 -1.74747496555
0.017500000000000012 -0.139975128422 -1.83872370115
0.018000000000000013 -0.147440184007 -1.93301661056
0.018500000000000013 -0.154534283683 -2.02832296371
0.019000000000000013 -0.160395035641 -2.12290014375
0.019500000000000014 -0.16340027275 -2.21581594513
0.020000000000000014 -0.166113373931 -2.31090979756
0.020500000000000015 -0.172393996449 -2.41458290863
0.021000000000000015 -0.182086891672 -2.52663932124
0.021500000000000016 -0.19220910447 -2.6443346513
0.022000000000000016 -0.203508992131 -2.76632116681
0.022500000000000017 -0.214724299684 -2.89193994884
0.023000000000000017 -0.227813810299 -3.0223722785
0.023500000000000017 -0.242601168477 -3.15627304173
0.024000000000000018 -0.255608069105 -3.28912541811
0.02450000000000002 -0.267137865526 -3.42048537387
0.02500000000000002 -0.280303305819 -3.55312851543
0.02550000000000002 -0.293292097954 -3.68477231506
0.02600000000000002 -0.304544844185 -3.81336505577
0.02650000000000002 -0.31560827794 -3.93859496254
0.02700000000000002 -0.324577731564 -4.05929823908
0.02750000000000002 -0.332280793718 -4.17459152805
0.02800000000000002 -0.336626364738 -4.28360131379
0.028500000000000022 -0.339847540872 -4.39042252922
0.029000000000000022 -0.346948868518 -4.50131045106
0.029500000000000023 -0.35584212153 -4.61509325084
0.030000000000000023 -0.364603772972 -4.72873612692
0.030500000000000024 -0.373566839651 -4.84060855622
0.031000000000000024 -0.380329523364 -4.94769648451
0.03150000000000002 -0.384976413569 -5.05032956743
0.03200000000000002 -0.390838028107 -5.15112612084
0.03250000000000002 -0.395730648078 -5.24913797947
0.03300000000000002 -0.398807803007 -5.34187208281
0.03350000000000002 -0.39984071149 -5.43083625753
0.03400000000000002 -0.402033041549 -5.51994133701
0.034500000000000024 -0.406125662753 -5.61019184086
0.035000000000000024 -0.408323707121 -5.69861074437
0.035500000000000025 -0.410326215835 -5.78590674423
0.036000000000000025 -0.412701331224 -5.87427252028
0.036500000000000025 -0.415281190836 -5.96420243055
0.037000000000000026 -0.419676564923 -6.05879781676
0.037500000000000026 -0.426810291281 -6.15916418337
0.03800000000000003 -0.436132920863 -6.26563132489
0.03850000000000003 -0.44877531012 -6.37697207207
0.03900000000000003 -0.460729806666 -6.48707348006
0.03950000000000003 -0.468312879554 -6.59103069773
0.04000000000000003 -0.475719082691 -6.69243822084
0.04050000000000003 -0.484428845123 -6.79407239575
0.04100000000000003 -0.492451616901 -6.89368283311
0.04150000000000003 -0.500219582678 -6.99205381879
0.04200000000000003 -0.508417281556 -7.08895017105
0.04250000000000003 -0.515956150885 -7.18486562306
0.04300000000000003 -0.525022214303 -7.28103573639
0.04350000000000003 -0.535072940543 -7.37724217043
0.04400000000000003 -0.544809788956 -7.47116350588
0.04450000000000003 -0.553140213718 -7.56038320282
0.04500000000000003 -0.560196250412 -7.64632035531
0.045500000000000033 -0.569416304369 -7.73163400095
0.046000000000000034 -0.579658464682 -7.81567329653
0.046500000000000034 -0.588860699499 -7.89441371634
0.047000000000000035 -0.596572450603 -7.96620974066
0.047500000000000035 -0.603076097072 -8.02968392877
0.048000000000000036 -0.605631627883 -8.08114770144
0.048500000000000036 -0.60339745901 -8.12055316797
0.04900000000000004 -0.601191487847 -8.15440368188
0.04950000000000004 -0.60052881573 -8.18607365801
0.05000000000000004 -0.599877211855 -8.21487399362
0.05050000000000004 -0.598778473732 -8.23998208577
0.05100000000000004 -0.597141889854 -8.26159978824
0.05150000000000004 -0.595824485812 -8.28176183524
0.05200000000000004 -0.596378242771 -8.30135186021
0.05250000000000004 -0.596676895493 -8.31838352455
0.05300000000000004 -0.594621882171 -8.32978824949
0.05350000000000004 -0.592559768659 -8.33862679011
0.05400000000000004 -0.591445085137 -8.34624944837
0.05450000000000004 -0.590518728705 -8.35268538342
0.05500000000000004 -0.59075495254 -8.35824401687
0.05550000000000004 -0.590316589131 -8.3598894645
0.05600000000000004 -0.587319806926 -8.35603135079
0.05650000000000004 -0.582777038144 -8.34709352104
0.057000000000000044 -0.578582252915 -8.33793015687
0.057500000000000044 -0.576188145367 -8.33019549091
0.058000000000000045 -0.574629799569 -8.32538583764
0.058500000000000045 -0.576903716718 -8.32659734962
0.059000000000000045 -0.582511614028 -8.33158264508
0.059500000000000046 -0.585952745508 -8.33475428468
0.060000000000000046 -0.588808504731 -8.33514567597
0.06050000000000005 -0.593447262617 -8.33599468929
0.06100000000000005 -0.598104589274 -8.33423779265
0.06150000000000005 -0.601391603341 -8.32730966653
0.06200000000000005 -0.602360954803 -8.3136185368
0.06250000000000004 -0.60219596312 -8.29495777134
0.06300000000000004 -0.604148586893 -8.27493194648
0.06350000000000004 -0.605414450773 -8.24999900659
0.06400000000000004 -0.604547886577 -8.2185265025
0.06450000000000004 -0.602711389678 -8.17996583057
0.06500000000000004 -0.597927041105 -8.13399178745
0.06550000000000004 -0.593111152267 -8.08447464832
0.06600000000000004 -0.590317849612 -8.03412700179
0.06650000000000005 -0.587992422441 -7.98294898168
0.06700000000000005 -0.586942244709 -7.93006174964
0.06750000000000005 -0.586119928948 -7.87341086086
0.06800000000000005 -0.58249284615 -7.80878268867
0.06850000000000005 -0.57655137416 -7.73527402824
0.06900000000000005 -0.569140465279 -7.65435633978
0.06950000000000005 -0.559355830049 -7.56559474246
0.07000000000000005 -0.549531490817 -7.47234399248
0.07050000000000005 -0.539468596207 -7.37454666483
0.07100000000000005 -0.526721974165 -7.27089861974
0.07150000000000005 -0.51415197996 -7.16577972562
0.07200000000000005 -0.50453222247 -7.06288000909
0.07250000000000005 -0.496197364321 -6.96085387561
0.07300000000000005 -0.485135153331 -6.85480102178
0.07350000000000005 -0.473211871207 -6.74776033241
0.07400000000000005 -0.464176275584 -6.64457044564
0.07450000000000005 -0.457167782142 -6.54588940992
0.07500000000000005 -0.451965144156 -6.45103395601
0.07550000000000005 -0.448252082636 -6.35857482295
0.07600000000000005 -0.44446591831 -6.26560181267
0.07650000000000005 -0.438523403909 -6.16874819325
0.07700000000000005 -0.431364143524 -6.06887811124
0.07750000000000005 -0.423306654298 -5.96644478407
0.07800000000000006 -0.415124005118 -5.86441546191
0.07850000000000006 -0.408850137409 -5.76436833386
0.07900000000000006 -0.402972775483 -5.6666273807
0.07950000000000006 -0.398379548248 -5.57127034357
0.08000000000000006 -0.39441892598 -5.47763492649
0.08050000000000006 -0.39135298652 -5.38694571867
0.08100000000000006 -0.390286991723 -5.29786799219
0.08150000000000006 -0.388724120941 -5.20880456085
0.08200000000000006 -0.385635131991 -5.11569892919
0.08250000000000006 -0.380894900255 -5.01976940988
0.08300000000000006 -0.37737987677 -4.92415404123
0.08350000000000006 -0.375964488133 -4.82874231537
0.08400000000000006 -0.373339823191 -4.72996390276
0.08450000000000006 -0.367283399744 -4.62202185658
0.08500000000000006 -0.357682901962 -4.50629806853
0.08550000000000006 -0.347005631672 -4.38499160787
0.08600000000000006 -0.335895521088 -4.26040798486
0.08650000000000006 -0.322952922391 -4.13303003025
0.08700000000000006 -0.311746426504 -4.00718761964
0.08750000000000006 -0.303543081437 -3.88514389785
0.08800000000000006 -0.293737314848 -3.7616805781
0.08850000000000006 -0.283694278299 -3.63845166764
0.08900000000000007 -0.275359230991 -3.5162192409
0.08950000000000007 -0.265656640659 -3.39284555456
0.09000000000000007 -0.255178570185 -3.26788826018
0.09050000000000007 -0.244609906912 -3.14165769745
0.09100000000000007 -0.231739921205 -3.01338426732
0.09150000000000007 -0.219113369324 -2.88570999842
0.09200000000000007 -0.208492936168 -2.76215100146
0.09250000000000007 -0.198725820287 -2.64123941384
0.09300000000000007 -0.188389796107 -2.52083045884
0.09350000000000007 -0.175313385523 -2.39888132002
0.09400000000000007 -0.162023884508 -2.27964555342
0.09450000000000007 -0.151775642528 -2.16839341489
0.09500000000000007 -0.144688982545 -2.06668950669
0.09550000000000007 -0.139892402703 -1.97366942512
0.09600000000000007 -0.136718739584 -1.88761326052
0.09650000000000007 -0.134979318598 -1.80810759265
0.09700000000000007 -0.134460428459 -1.73285350281
0.09750000000000007 -0.132866435035 -1.65884930608
0.09800000000000007 -0.129646221142 -1.58493171246
0.09850000000000007 -0.127630046786 -1.51340596131
0.09900000000000007 -0.125104997963 -1.44297027966
0.09950000000000007 -0.120975462826 -1.37210005574
0.10000000000000007 -0.117099836593 -1.30352209724
0.10050000000000008 -0.114791197765 -1.23912100415
0.10100000000000008 -0.114101588074 -1.17878975939
0.10150000000000008 -0.112485814043 -1.11880179815
0.10200000000000008 -0.108965120979 -1.05784166077
0.10250000000000008 -0.105237014047 -0.997848433769
0.10300000000000008 -0.102153484406 -0.940741328112
0.10350000000000008 -0.100590215279 -0.88864718162
0.10400000000000008 -0.102425195991 -0.841897653398
0.10450000000000008 -0.103053185379 -0.794448736274
0.10500000000000008 -0.0996816962651 -0.742033710057
0.10550000000000008 -0.0962487313766 -0.687643062721
0.10600000000000008 -0.0913680967051 -0.630187176389
0.10650000000000008 -0.0835468825884 -0.568663231924
0.10700000000000008 -0.0747185791356 -0.505314669162
0.10750000000000008 -0.0658856847851 -0.443057276946
0.10800000000000008 -0.0575045972521 -0.383497053483
0.10850000000000008 -0.0498216454282 -0.327559060464
0.10900000000000008 -0.0430954438768 -0.276595037989
0.10950000000000008 -0.037362744028 -0.230657977669
0.11000000000000008 -0.0334573682641 -0.190881300597
0.11050000000000008 -0.0293879238261 -0.154168045905
0.11100000000000008 -0.0233616490348 -0.119354449968
0.11150000000000009 -0.0186845140343 -0.0907279507209
0.11200000000000009 -0.0176437563767 -0.0712888046363
0.11250000000000009 -0.0185386002726 -0.0592944628896
0.11300000000000009 -0.0186416150635 -0.0499562514675
0.11350000000000009 -0.0177322664242 -0.0421368969967
0.11400000000000009 -0.0151221802332 -0.0350181846025
0.11450000000000009 -0.0121391840094 -0.0310643225364
0.11500000000000009 -0.0107446777064 -0.0334177750006
0.11550000000000009 -0.010598390854 -0.0427792199394
0.11600000000000009 -0.0122689782182 -0.0601505974509
0.11650000000000009 -0.0149074501932 -0.0849581860942
0.11700000000000009 -0.0203701424881 -0.119573904223
0.11750000000000009 -0.0288751745245 -0.162729789117
0.11800000000000009 -0.0365941539363 -0.209738148741
0.11850000000000009 -0.0440017767272 -0.259814041265
0.11900000000000009 -0.0524977498451 -0.312789315414
0.11950000000000009 -0.059495871999 -0.366260899656
0.12000000000000009 -0.0649591869527 -0.419156587456
0.1205000000000001 -0.0710999744987 -0.47441884642
0.1210000000000001 -0.0788804854336 -0.532994370292
0.1215000000000001 -0.0864780926135 -0.591025398271
0.1220000000000001 -0.0899813874546 -0.644162885139
0.1225000000000001 -0.091296764423 -0.693501618586
0.1230000000000001 -0.0920187359622 -0.742673359519
0.1235000000000001 -0.0937869530997 -0.795093192356
0.1240000000000001 -0.0978288739367 -0.852173886957
0.1245000000000001 -0.102041105971 -0.912069775477
0.12500000000000008 -0.106061008678 -0.973930438817
0.12550000000000008 -0.111441454699 -1.0386348742
0.12600000000000008 -0.116782754361 -1.10414034551
0.12650000000000008 -0.119984368149 -1.16779743181
0.12700000000000009 -0.123425901704 -1.23060015609
0.12750000000000009 -0.124128944998 -1.29009003975
0.12800000000000009 -0.122807171945 -1.34758537838
0.1285000000000001 -0.123067137225 -1.40777669868
0.1290000000000001 -0.123655693122 -1.47044589666
0.1295000000000001 -0.124158874009 -1.53612948584
0.1300000000000001 -0.126304641861 -1.606197046
0.1305000000000001 -0.129085633463 -1.67978020737
0.1310000000000001 -0.129946295616 -1.75467979238
0.1315000000000001 -0.131305363058 -1.83369893872
0.1320000000000001 -0.134982539496 -1.92171186303
0.1325000000000001 -0.144126562487 -2.0213487033
0.1330000000000001 -0.154919842569 -2.12822915028
0.1335000000000001 -0.164290013253 -2.23750296414
0.1340000000000001 -0.174643526897 -2.35009568837
0.1345000000000001 -0.185168217639 -2.46502837705
0.1350000000000001 -0.195171404777 -2.58066107757
0.1355000000000001 -0.203943089618 -2.69575376048
0.1360000000000001 -0.212230058887 -2.81111321413
0.1365000000000001 -0.219938420589 -2.92749105977
0.1370000000000001 -0.228973005903 -3.04745066732
0.1375000000000001 -0.239760951204 -3.17214767642
0.1380000000000001 -0.251887850758 -3.30049972591
0.1385000000000001 -0.264462146851 -3.43100881444
0.1390000000000001 -0.276657004085 -3.56151866663
0.1395000000000001 -0.288347533279 -3.69137438177
0.1400000000000001 -0.298825821134 -3.8197562795
0.1405000000000001 -0.310396601123 -3.94938961812
0.1410000000000001 -0.323328745253 -4.07994824056
0.1415000000000001 -0.336252964093 -4.20948912954
0.1420000000000001 -0.348388001681 -4.334634486
0.1425000000000001 -0.356753606753 -4.45088216267
0.1430000000000001 -0.360906838107 -4.55866639784
0.1435000000000001 -0.365557334306 -4.66240401716
0.1440000000000001 -0.37022593478 -4.76408386988
0.1445000000000001 -0.372714683251 -4.86041284835
0.1450000000000001 -0.373854295692 -4.954646164
0.1455000000000001 -0.377461381526 -5.05125164022
0.1460000000000001 -0.383348697925 -5.15069371558
0.1465000000000001 -0.388655361086 -5.25063783215
0.1470000000000001 -0.394843290208 -5.34992630629
0.1475000000000001 -0.400106988428 -5.44803209472
0.1480000000000001 -0.404043238789 -5.54270259455
0.1485000000000001 -0.407605259111 -5.63654328029
0.1490000000000001 -0.411785431027 -5.73047632031
0.1495000000000001 -0.416890930872 -5.82567676549
0.1500000000000001 -0.423110373951 -5.92187161764
0.1505000000000001 -0.428452907205 -6.01578638516
0.1510000000000001 -0.431834032361 -6.10683349925
0.1515000000000001 -0.434616452073 -6.19555502296
0.1520000000000001 -0.436659257308 -6.28490971034
0.1525000000000001 -0.441814820652 -6.37923631519
0.1530000000000001 -0.449898935301 -6.47922502604
0.1535000000000001 -0.458106775224 -6.5819945817
0.1540000000000001 -0.46768342044 -6.68794834536
0.1545000000000001 -0.479430322628 -6.79778348028
0.1550000000000001 -0.492549748482 -6.90977414816
0.1555000000000001 -0.506026542143 -7.0205393115
0.1560000000000001 -0.516767980855 -7.12533876619
0.1565000000000001 -0.524575418307 -7.22381512312
0.1570000000000001 -0.533396645561 -7.31999686041
0.1575000000000001 -0.542650855384 -7.41383489119
0.1580000000000001 -0.550284046437 -7.50334295199
0.1585000000000001 -0.558642634308 -7.59004162523
0.1590000000000001 -0.566890722471 -7.67264144335
0.15950000000000011 -0.572389012741 -7.74798749155
0.16000000000000011 -0.57593155623 -7.81659174388
0.16050000000000011 -0.579371590453 -7.88234470992
0.16100000000000012 -0.585122485798 -7.94761658031
0.16150000000000012 -0.591105084816 -8.01136574745
0.16200000000000012 -0.597479197494 -8.07199504802
0.16250000000000012 -0.603502762374 -8.12773940063
0.16300000000000012 -0.606826678224 -8.17566891401
0.16350000000000012 -0.609273629182 -8.21664515079
0.16400000000000012 -0.611180722465 -8.25117901296
0.16450000000000012 -0.610079593714 -8.27547281089
0.16500000000000012 -0.605219338231 -8.29046386233
0.16550000000000012 -0.600137146356 -8.2998325844
0.16600000000000012 -0.595659360936 -8.30809520334
0.16650000000000012 -0.59354142588 -8.31689257307
0.16700000000000012 -0.591847678396 -8.32426250014
0.16750000000000012 -0.58841224202 -8.32865163868
0.16800000000000012 -0.585932503377 -8.33151042502
0.16850000000000012 -0.583551014521 -8.33422427811
0.16900000000000012 -0.581418042996 -8.33633502105
0.16950000000000012 -0.580944835808 -8.34089687048
0.17000000000000012 -0.582857654562 -8.34805267274
0.17050000000000012 -0.586093086655 -8.35616559948
0.17100000000000012 -0.588294722346 -8.36086016992
0.17150000000000012 -0.58798777781 -8.36009846006
0.17200000000000013 -0.587413602727 -8.35638614014
0.17250000000000013 -0.587536992377 -8.35057074812
0.17300000000000013 -0.586483075153 -8.34189097186
0.17350000000000013 -0.584596381325 -8.33010482119
0.17400000000000013 -0.583780541596 -8.31929274787
0.17450000000000013 -0.584834746117 -8.31013429197
0.17500000000000013 -0.587584941415 -8.30385641804
0.17550000000000013 -0.593156020877 -8.29966798767
0.17600000000000013 -0.598101861675 -8.29235748005
0.17650000000000013 -0.599615784408 -8.27843546053
0.17700000000000013 -0.600940894187 -8.26010945437
0.17750000000000013 -0.603653654332 -8.24005332959
0.17800000000000013 -0.605212067795 -8.21484217951
0.17850000000000013 -0.606260834812 -8.18475650889
0.17900000000000013 -0.606890366286 -8.14841594198
0.17950000000000013 -0.605098705236 -8.10357206818
0.18000000000000013 -0.600915098096 -8.04905320849
0.18050000000000013 -0.593458566516 -7.98491424289
0.18100000000000013 -0.58555817914 -7.91541183603
0.18150000000000013 -0.578337295635 -7.84267873775
0.18200000000000013 -0.571230053319 -7.76729936147
0.18250000000000013 -0.563512797768 -7.68844711355
0.18300000000000013 -0.556037816213 -7.60813197795
0.18350000000000014 -0.550960859891 -7.5284872843
0.18400000000000014 -0.546459672507 -7.44695139199
0.18450000000000014 -0.540083323908 -7.35949432317
0.18500000000000014 -0.530467463029 -7.26423650651
0.18550000000000014 -0.519976982164 -7.16379126095
0.18600000000000014 -0.508767586508 -7.06018183548
0.18650000000000014 -0.498418315032 -6.95588726812
0.18700000000000014 -0.489651146516 -6.85185766129
0.18750000000000014 -0.479623000836 -6.74528534802
0.18800000000000014 -0.468578406285 -6.6361277971
0.18850000000000014 -0.457347364427 -6.52632485373
0.18900000000000014 -0.446874659438 -6.41771207333
0.18950000000000014 -0.437372212837 -6.3119676055
0.19000000000000014 -0.429465422625 -6.2102981128
0.19050000000000014 -0.424137563741 -6.11475191401
0.19100000000000014 -0.421987690469 -6.02466488742
0.19150000000000014 -0.418917624158 -5.93516611159
0.19200000000000014 -0.415560745024 -5.84646889755
0.19250000000000014 -0.41513035363 -5.75995823727
0.19300000000000014 -0.412874621523 -5.67043513139
0.19350000000000014 -0.407489320811 -5.57520704092
0.19400000000000014 -0.400938275051 -5.47602139225
0.19450000000000014 -0.394020640235 -5.37608422054
0.19500000000000015 -0.389051744463 -5.27826987665
0.19550000000000015 -0.386287941072 -5.18256091442
0.19600000000000015 -0.382094778591 -5.08519623145
0.19650000000000015 -0.376848546167 -4.98466445638
0.19700000000000015 -0.371285973165 -4.88290890531
0.19750000000000015 -0.365385698661 -4.77955619879
0.19800000000000015 -0.360186031577 -4.67658100178
0.19850000000000015 -0.355813964154 -4.57395547156
0.19900000000000015 -0.351917446562 -4.4702649887
0.19950000000000015 -0.346852457952 -4.36375523918
0.20000000000000015 -0.340890726041 -4.25261592427
0.20050000000000015 -0.333331001442 -4.13652970911
0.20100000000000015 -0.323124839829 -4.01317136207
0.20150000000000015 -0.310900400568 -3.88448269029
0.20200000000000015 -0.298065051625 -3.7519451061
0.20250000000000015 -0.283625136821 -3.61596610663
0.20300000000000015 -0.267870615219 -3.47886830393
0.20350000000000015 -0.254741047809 -3.34599479206
0.20400000000000015 -0.244998343832 -3.21981744379
0.20450000000000015 -0.236124542951 -3.09601521419
0.20500000000000015 -0.224928664713 -2.97134251973
0.20550000000000015 -0.213006911995 -2.84686980078
0.20600000000000016 -0.202825933574 -2.72666957378
0.20650000000000016 -0.193756764614 -2.61050993519
0.20700000000000016 -0.185570942301 -2.49837254899
0.20750000000000016 -0.178309368317 -2.38968597582
0.20800000000000016 -0.170986508481 -2.28285655554
0.20850000000000016 -0.16277141624 -2.17708591574
0.20900000000000016 -0.154301381663 -2.07241598121
0.20950000000000016 -0.14570697662 -1.9703292147
0.21000000000000016 -0.137099880519 -1.87087685748
0.21050000000000016 -0.12939931685 -1.77686506098
0.21100000000000016 -0.123683686663 -1.68945367406
0.21150000000000016 -0.11940378431 -1.60930559032
0.21200000000000016 -0.117443211478 -1.53747713342
0.21250000000000016 -0.11873860634 -1.47385041924
0.21300000000000016 -0.120643797158 -1.41491055504
0.21350000000000016 -0.121797454726 -1.35663353065
0.21400000000000016 -0.121300809464 -1.29708581181
0.21450000000000016 -0.118198544986 -1.23535009852
0.21500000000000016 -0.116341363531 -1.1765027117
0.21550000000000016 -0.117295061519 -1.12130157709
0.21600000000000016 -0.11613378177 -1.06458086941
0.21650000000000016 -0.112299047503 -1.00427939582
0.21700000000000016 -0.108386221138 -0.943249828058
0.21750000000000017 -0.103782832994 -0.881557944222
0.21800000000000017 -0.0979476434101 -0.819102086632
0.21850000000000017 -0.0923477384428 -0.758096211861
0.21900000000000017 -0.0872337153485 -0.699572484547
0.21950000000000017 -0.0834384254523 -0.645159523178
0.22000000000000017 -0.0803126171336 -0.59335735386
0.22050000000000017 -0.0770912025654 -0.544314689957
0.22100000000000017 -0.0754024253027 -0.497430981733
0.22150000000000017 -0.0721554409943 -0.449707201647
0.22200000000000017 -0.0666854086614 -0.399007132522
0.22250000000000017 -0.059531532924 -0.345552315339
0.22300000000000017 -0.0500202070633 -0.290606680427
0.22350000000000017 -0.0409579968159 -0.237941167903
0.22400000000000017 -0.0343539929604 -0.192005400177
0.22450000000000017 -0.0293536339177 -0.151402475952
0.22500000000000017 -0.0238460281955 -0.114406137479
0.22550000000000017 -0.0173574906705 -0.0798051058299
0.22600000000000017 -0.0114347720732 -0.0512146531299
0.22650000000000017 -0.00851543464459 -0.0316442700633
0.22700000000000017 -0.00756781905423 -0.0207075705042
0.22750000000000017 -0.00768229148518 -0.0176580699823
0.22800000000000017 -0.00931047602289 -0.0215802059482
0.22850000000000018 -0.0124083429494 -0.033682310062
0.22900000000000018 -0.017541934093 -0.0517975880081
0.22950000000000018 -0.0217512689727 -0.0729107720967
0.23000000000000018 -0.024205764972 -0.0948884576881
0.23050000000000018 -0.0274840671793 -0.119670656115
0.23100000000000018 -0.0295565869253 -0.146003882312
0.23150000000000018 -0.0298029272826 -0.173582477733
0.23200000000000018 -0.0327051719381 -0.208788129735
0.23250000000000018 -0.038701214805 -0.252329053852
0.23300000000000018 -0.0460882633669 -0.30260889228
0.23350000000000018 -0.0538982437925 -0.356621663695
0.23400000000000018 -0.0611344549871 -0.412372247793
0.23450000000000018 -0.0670568125468 -0.468901628331
0.23500000000000018 -0.0732809733844 -0.527891560066
0.23550000000000018 -0.0818032015688 -0.591530277511
0.23600000000000018 -0.0901428214502 -0.65615095453
0.23650000000000018 -0.0970018190984 -0.719282161101
0.23700000000000018 -0.102152016245 -0.779741961203
0.23750000000000018 -0.106584579492 -0.838460017933
0.23800000000000018 -0.110329152778 -0.895193370678
0.23850000000000018 -0.111622353404 -0.947653064008
0.23900000000000018 -0.110513904907 -0.996954834075
0.23950000000000018 -0.109196224704 -1.04616826134
0.24000000000000019 -0.109065906716 -1.09866852297
0.24050000000000019 -0.109601401303 -1.15509111346
0.2410000000000002 -0.112246625006 -1.21705271761
0.2415000000000002 -0.116597622803 -1.28448866333
0.2420000000000002 -0.121518706078 -1.35439563597
0.2425000000000002 -0.125057845041 -1.42432012141
0.2430000000000002 -0.126245670302 -1.49240555259
0.2435000000000002 -0.127564249982 -1.56287844424
0.2440000000000002 -0.131368665265 -1.63852632345
0.2445000000000002 -0.135938861042 -1.71746413828
0.2450000000000002 -0.139065764577 -1.79769885405
0.2455000000000002 -0.142671357628 -1.87955826548
0.2460000000000002 -0.145610664158 -1.96385885776
0.2465000000000002 -0.14871507189 -2.05113337979
0.2470000000000002 -0.153748816815 -2.1443435969
0.2475000000000002 -0.159421149895 -2.24249939606
0.2480000000000002 -0.16552317725 -2.34565832354
0.2485000000000002 -0.173509306495 -2.45664216568
0.2490000000000002 -0.185650351594 -2.57729394045
0.2495000000000002 -0.200101378732 -2.70526011513
0.25000000000000017 -0.213937527005 -2.83525686392
0.25050000000000017 -0.22770740962 -2.96641144463
0.25100000000000017 -0.240911469354 -3.09629835911
0.25150000000000017 -0.251114824024 -3.22248787732
0.25200000000000017 -0.260424093608 -3.34694059662
0.25250000000000017 -0.270739297217 -3.47247027879
0.25300000000000017 -0.281886260368 -3.59949765741
0.25350000000000017 -0.29366781007 -3.72644260653
0.25400000000000017 -0.303390781916 -3.84992051947
0.25450000000000017 -0.310846334692 -3.96983761173
0.25500000000000017 -0.31968200751 -4.09033878429
0.25550000000000017 -0.329383571512 -4.21121988283
0.25600000000000017 -0.33823003618 -4.33120989141
0.2565000000000002 -0.347615911708 -4.45010916421
0.2570000000000002 -0.356370379316 -4.5679360368
0.2575000000000002 -0.365849523228 -4.6848613957
0.2580000000000002 -0.375694961846 -4.79982751428
0.2585000000000002 -0.383564566472 -4.90962450981
0.2590000000000002 -0.389248631447 -5.01195560427
0.2595000000000002 -0.391517748141 -5.10648320547
0.2600000000000002 -0.391593481904 -5.19487677636
0.2605000000000002 -0.392212051757 -5.28227404217
0.2610000000000002 -0.39394256397 -5.37023642633
0.2615000000000002 -0.395880793168 -5.45929084674
0.2620000000000002 -0.399849064353 -5.55124069474
0.2625000000000002 -0.404854380681 -5.64452152147
0.2630000000000002 -0.408044342318 -5.73639810627
0.2635000000000002 -0.410896602587 -5.8285228793
0.2640000000000002 -0.416634999745 -5.92536977259
0.2645000000000002 -0.424575698587 -6.02604758148
0.2650000000000002 -0.431895010082 -6.12705858783
0.2655000000000002 -0.439036329664 -6.22797299205
0.2660000000000002 -0.446852134453 -6.3295111786
0.2665000000000002 -0.455157718034 -6.43122572609
0.2670000000000002 -0.463230175264 -6.53158854413
0.2675000000000002 -0.469877100834 -6.62849797029
0.2680000000000002 -0.474479321247 -6.72201746244
0.2685000000000002 -0.479484780283 -6.81547224055
0.2690000000000002 -0.486452071287 -6.91207239625
0.2695000000000002 -0.495564678722 -7.01279814274
0.2700000000000002 -0.50700169864 -7.11710723791
0.2705000000000002 -0.519584101313 -7.22281002253
0.2710000000000002 -0.531481457018 -7.3260594379
0.2715000000000002 -0.542032465007 -7.42537241073
0.2720000000000002 -0.552069428093 -7.52059148983
0.2725000000000002 -0.561168120528 -7.61138589416
0.2730000000000002 -0.570060453678 -7.69827561127
0.2735000000000002 -0.579160354775 -7.78086265771
0.2740000000000002 -0.586721972685 -7.85635261275
0.2745000000000002 -0.590893772987 -7.92240701924
0.2750000000000002 -0.593731593179 -7.98126720739
0.2755000000000002 -0.596932347141 -8.03526892301
0.2760000000000002 -0.598739393238 -8.08268213327
0.2765000000000002 -0.598032760851 -8.12251634653
0.2770000000000002 -0.596282473685 -8.15788739479
0.2775000000000002 -0.596846922761 -8.19332698078
0.2780000000000002 -0.59974837979 -8.22989716439
0.2785000000000002 -0.602646740141 -8.26379269768
0.2790000000000002 -0.604800849658 -8.29358837322
0.2795000000000002 -0.60619649711 -8.31729300305
0.2800000000000002 -0.6041120747 -8.33236794527
0.2805000000000002 -0.60071450567 -8.34164438832
0.2810000000000002 -0.597873996808 -8.34700201672
0.2815000000000002 -0.593927246438 -8.34938718064
0.2820000000000002 -0.59109519689 -8.34998789153
0.2825000000000002 -0.588576236325 -8.34897426515
0.2830000000000002 -0.584577294874 -8.34478883584
0.2835000000000002 -0.580843131947 -8.33931150158
0.2840000000000002 -0.578390033244 -8.33514829824
0.2845000000000002 -0.576787150846 -8.33218502722
0.2850000000000002 -0.57702263655 -8.33172850915
0.2855000000000002 -0.577624784285 -8.33213203243
0.2860000000000002 -0.578990244171 -8.33430804812
0.2865000000000002 -0.583223599817 -8.33998724727
0.2870000000000002 -0.589525298952 -8.347385581
0.2875000000000002 -0.594893480574 -8.35100518575
0.2880000000000002 -0.596323491627 -8.34615140429
0.2885000000000002 -0.595934901818 -8.33524278169
0.2890000000000002 -0.595947909831 -8.32083610441
0.2895000000000002 -0.595633258486 -8.30373165542
0.2900000000000002 -0.595195849679 -8.28430578592
0.2905000000000002 -0.596612659534 -8.26460927526
0.2910000000000002 -0.598061577071 -8.24270995162
0.2915000000000002 -0.598388926166 -8.21634572587
0.2920000000000002 -0.598208904031 -8.18628369498
0.2925000000000002 -0.597828900462 -8.15256621816
0.2930000000000002 -0.598033150566 -8.11629788665
0.2935000000000002 -0.597751092372 -8.07564874639
0.2940000000000002 -0.596732921055 -8.02988188877
0.2945000000000002 -0.59482130436 -7.9783705411
0.2950000000000002 -0.591793409124 -7.92018190958
0.2955000000000002 -0.58776872662 -7.8557027726
0.2960000000000002 -0.582797001908 -7.78327981702
0.2965000000000002 -0.574026282826 -7.70018822466
0.2970000000000002 -0.561253647324 -7.60681813705
0.2975000000000002 -0.548423736973 -7.50920132929
0.2980000000000002 -0.53741222863 -7.4120062483
0.2985000000000002 -0.528167296464 -7.31584557778
0.2990000000000002 -0.519827871457 -7.22006128022
0.2995000000000002 -0.511289533351 -7.12289956882
0.3000000000000002 -0.502473492794 -7.02450751263
0.3005000000000002 -0.494611928378 -6.92575648175
0.3010000000000002 -0.485884539984 -6.82502010867
0.3015000000000002 -0.476701553266 -6.72328762482
0.3020000000000002 -0.469305289079 -6.62274746791
0.3025000000000002 -0.462394312657 -6.52214330867
0.3030000000000002 -0.45388319718 -6.41907791503
0.3035000000000002 -0.445091559207 -6.31500739474
0.3040000000000002 -0.437927734604 -6.21219833057
0.3045000000000002 -0.429973053421 -6.10835186587
0.3050000000000002 -0.421271406305 -6.00374977051
0.3055000000000002 -0.41279491782 -5.89967434371
0.3060000000000002 -0.404682030697 -5.79827104466
0.3065000000000002 -0.399650613893 -5.70329483638
0.3070000000000002 -0.398324715158 -5.61539763036
0.3075000000000002 -0.398904506228 -5.53192525353
0.3080000000000002 -0.398821064262 -5.44712365314
0.3085000000000002 -0.396328714384 -5.35881241432
0.3090000000000002 -0.393341173132 -5.26775105593
0.3095000000000002 -0.390597602179 -5.17487467229
0.3100000000000002 -0.38641468597 -5.07846155498
0.3105000000000002 -0.381209473154 -4.97830733826
0.3110000000000002 -0.375990223518 -4.87599270488
0.3115000000000002 -0.369974022793 -4.77014455727
0.3120000000000002 -0.362906935044 -4.66095398308
0.3125000000000002 -0.354627903072 -4.54785344039
0.3130000000000002 -0.345916603921 -4.43284947565
0.3135000000000002 -0.337796772641 -4.31675704033
0.3140000000000002 -0.328601250559 -4.19853127995
0.3145000000000002 -0.318926338774 -4.07947581615
0.3150000000000002 -0.310664531296 -3.96179011834
0.3155000000000002 -0.304382899715 -3.84688389895
0.3160000000000002 -0.298666885454 -3.73106328162
0.3165000000000002 -0.290091433319 -3.60981507235
0.3170000000000002 -0.277989169509 -3.48150782943
0.3175000000000002 -0.264709015666 -3.34914227216
0.3180000000000002 -0.250341301798 -3.21462458013
0.3185000000000002 -0.23612140925 -3.08082526296
0.31900000000000023 -0.224155481079 -2.95036639395
0.31950000000000023 -0.211147851212 -2.82075968402
0.32000000000000023 -0.198090791059 -2.69396263258
0.32050000000000023 -0.18774814117 -2.57270420346
0.32100000000000023 -0.178035502131 -2.45622759577
0.32150000000000023 -0.168338507188 -2.34345917781
0.32200000000000023 -0.160229033871 -2.23654249873
0.32250000000000023 -0.154049977671 -2.13621051476
0.32300000000000023 -0.148690063888 -2.04096952868
0.32350000000000023 -0.144330793545 -1.95097518171
0.32400000000000023 -0.1410928625 -1.86563891265
0.32450000000000023 -0.139201417717 -1.78451446534
0.32500000000000023 -0.136424024826 -1.7035993835
0.32550000000000023 -0.130524765259 -1.62005064166
0.32600000000000023 -0.123128734979 -1.53629563858
0.32650000000000023 -0.117054618745 -1.4568684696
0.32700000000000023 -0.11379299883 -1.38489645782
0.32750000000000024 -0.112328665275 -1.31912391409
0.32800000000000024 -0.11157917679 -1.25781162721
0.32850000000000024 -0.110896394421 -1.19967179358
0.32900000000000024 -0.110914835836 -1.14449669997
0.32950000000000024 -0.111018553217 -1.09156744058
0.33000000000000024 -0.111023984465 -1.03964183527
0.33050000000000024 -0.110668125543 -0.988025252323
0.33100000000000024 -0.109268969159 -0.935466241644
0.33150000000000024 -0.107307558244 -0.882115955742
0.33200000000000024 -0.104842317686 -0.828112390637
0.33250000000000024 -0.102075201155 -0.772736747291
0.33300000000000024 -0.097041707006 -0.714084383315
0.33350000000000024 -0.0903300766057 -0.652462371038
0.33400000000000024 -0.0828933138908 -0.589366782253
0.33450000000000024 -0.0734985135769 -0.524655885721
0.33500000000000024 -0.0635941055318 -0.461987453014
0.33550000000000024 -0.0573024080368 -0.407101655116
0.33600000000000024 -0.0545410738601 -0.360417977212
0.33650000000000024 -0.0514401920633 -0.316925583643
0.33700000000000024 -0.0470645739772 -0.274267761471
0.33750000000000024 -0.0422572370605 -0.233397954553
0.33800000000000024 -0.0379409967785 -0.195171480152
0.33850000000000025 -0.0331485908044 -0.159363151617
0.33900000000000025 -0.0286600294273 -0.126272563872
0.33950000000000025 -0.0237235642375 -0.0958336714247
0.34000000000000025 -0.0185507013093 -0.0688364428177
0.34050000000000025 -0.0152509587803 -0.0478521750329
0.34100000000000025 -0.0121349482451 -0.0316667309396
0.34150000000000025 -0.00948938637871 -0.0208797940198
0.34200000000000025 -0.00789080510835 -0.0159906761291
0.34250000000000025 -0.00645496557124 -0.0167768241927
0.34300000000000025 -0.00608420976245 -0.0254416371217
0.34350000000000025 -0.00891850398954 -0.0438359299516
0.34400000000000025 -0.0139786562074 -0.0725916384292
0.34450000000000025 -0.0217279837776 -0.110115142933
0.34500000000000025 -0.0313390930998 -0.154264169737
0.34550000000000025 -0.0391350226735 -0.199184746154
0.34600000000000025 -0.0447549328082 -0.24255139897
0.34650000000000025 -0.0487669942561 -0.285992887453
0.34700000000000025 -0.0536113585733 -0.331809400679
0.34750000000000025 -0.0598171038445 -0.381421137644
0.34800000000000025 -0.0646073711509 -0.430880982417
0.34850000000000025 -0.068049591288 -0.481155980581
0.34900000000000025 -0.0734199217509 -0.535217041253
0.34950000000000025 -0.0795292470199 -0.592268218804
0.35000000000000026 -0.0846123259056 -0.650217202698
0.35050000000000026 -0.0896878255822 -0.709039043753
0.35100000000000026 -0.0945520209083 -0.769310444888
0.35150000000000026 -0.0992801319221 -0.83053619986
0.35200000000000026 -0.104356801009 -0.893948835126
0.35250000000000026 -0.110533888716 -0.959455478068
0.35300000000000026 -0.116674850588 -1.02541919631
0.35350000000000026 -0.121322837693 -1.08872119901
0.35400000000000026 -0.12358087516 -1.14760192984
0.35450000000000026 -0.123057677796 -1.20157169844
0.35500000000000026 -0.120258694477 -1.2524283293
0.35550000000000026 -0.118012937185 -1.30538459327
0.35600000000000026 -0.118179426629 -1.36326297088
0.35650000000000026 -0.1190854385 -1.42584166647
0.35700000000000026 -0.120794691989 -1.49234396438
0.35750000000000026 -0.122728817981 -1.56276890928
0.35800000000000026 -0.125517611899 -1.63839630719
0.35850000000000026 -0.130960167138 -1.72061869946
0.35900000000000026 -0.136917696483 -1.80706550848
0.35950000000000026 -0.141424697195 -1.89513537547
0.36000000000000026 -0.146708355991 -1.98734374307
0.36050000000000026 -0.154382085986 -2.08568053176
0.36100000000000027 -0.162727021726 -2.18803258183
0.36150000000000027 -0.170935448077 -2.29274772559
0.36200000000000027 -0.178860308777 -2.3987730569
0.36250000000000027 -0.186146843556 -2.5054846895
0.36300000000000027 -0.19222592105 -2.61258821376
0.36350000000000027 -0.198013202975 -2.7220102424
0.36400000000000027 -0.206219434178 -2.83829504841
0.36450000000000027 -0.217760000499 -2.96255424559
0.36500000000000027 -0.2313029729 -3.09332448765
0.36550000000000027 -0.245479539369 -3.22726374162
0.36600000000000027 -0.259539355939 -3.36229703765
0.36650000000000027 -0.272826187731 -3.49677918361
0.36700000000000027 -0.285606906682 -3.63020217932
0.36750000000000027 -0.298873246049 -3.76316294111
0.36800000000000027 -0.310852399959 -3.89219897002
0.36850000000000027 -0.319754329737 -4.016016066
0.36900000000000027 -0.32862511207 -4.13703463192
0.3695000000000003 -0.338046583905 -4.25667653093
0.3700000000000003 -0.346459687417 -4.37294871574
0.3705000000000003 -0.353423411153 -4.48438144492
0.3710000000000003 -0.357990463689 -4.59045454534
0.3715000000000003 -0.361425614686 -4.69329889943
0.3720000000000003 -0.36611934365 -4.79669533606
0.3725000000000003 -0.37171546754 -4.90100729788
0.3730000000000003 -0.378065283085 -5.00694913539
0.3735000000000003 -0.386629003032 -5.11448871236
0.3740000000000003 -0.394817360357 -5.22050664062
0.3745000000000003 -0.40042346843 -5.32067965071
0.3750000000000003 -0.403582147711 -5.41518950411
0.3755000000000003 -0.406286521713 -5.50689270883
0.3760000000000003 -0.40949855569 -5.59687280969
0.3765000000000003 -0.411302085524 -5.68464791208
0.3770000000000003 -0.413023909281 -5.77110259268
0.3775000000000003 -0.415280728329 -5.85846578854
0.3780000000000003 -0.417998421046 -5.94728851622
0.3785000000000003 -0.422606194855 -6.03960555005
0.3790000000000003 -0.428651254586 -6.13471827476
0.3795000000000003 -0.43391689899 -6.23005719088
0.3800000000000003 -0.438992062549 -6.3267777733
0.3805000000000003 -0.44637733649 -6.42787414327
0.3810000000000003 -0.456506191493 -6.53462990471
0.3815000000000003 -0.468679613318 -6.64488697077
0.3820000000000003 -0.480585353654 -6.75482475675
0.3825000000000003 -0.491567604558 -6.86226238489
0.3830000000000003 -0.501841956494 -6.9657980817
0.3835000000000003 -0.509362623637 -7.06329254156
0.3840000000000003 -0.515362776224 -7.15656624709
0.3845000000000003 -0.522672886291 -7.24899905332
0.3850000000000003 -0.530692033334 -7.34132556106
0.3855000000000003 -0.539119598905 -7.43236193021
0.3860000000000003 -0.547403175663 -7.52150150086
0.3865000000000003 -0.55533104509 -7.60852947999
0.3870000000000003 -0.564619694724 -7.69470111293
0.3875000000000003 -0.574546546686 -7.77863173025
0.3880000000000003 -0.582119949221 -7.85578944856
0.3885000000000003 -0.587931089211 -7.92691522517
0.3890000000000003 -0.594034743339 -7.99324105231
0.3895000000000003 -0.599521068544 -8.05515215077
0.3900000000000003 -0.605125659016 -8.11189549965
0.3905000000000003 -0.609625182223 -8.16138943407
0.3910000000000003 -0.610766743163 -8.20048850469
0.3915000000000003 -0.608334977148 -8.22846687029
0.3920000000000003 -0.604399988972 -8.24971233954
0.3925000000000003 -0.601027888738 -8.26677082478
0.3930000000000003 -0.597029731356 -8.28126276882
0.3935000000000003 -0.594497916555 -8.29544650193
0.3940000000000003 -0.594076065744 -8.31075010232
0.3945000000000003 -0.59388389944 -8.32497583927
0.3950000000000003 -0.592932604334 -8.33624877721
0.3955000000000003 -0.59192399979 -8.34567214752
0.3960000000000003 -0.591839754807 -8.35375319076
0.3965000000000003 -0.591493116842 -8.35927662784
0.3970000000000003 -0.58954250055 -8.36022335975
0.3975000000000003 -0.586610188361 -8.35812340972
0.3980000000000003 -0.585144877724 -8.35590086276
0.3985000000000003 -0.584888601735 -8.35412199911
0.3990000000000003 -0.584880949835 -8.35079028933
0.3995000000000003 -0.583265677619 -8.34371890499
0.4000000000000003 -0.580415795365 -8.33365459095
